(1621,5.100462876450346E-5)
(5721,5.100462876450346E-5)
(8021,5.100462876450346E-5)
(1921,5.100462876450346E-5)
(9521,5.100462876450346E-5)
(1821,5.100462876450346E-5)
(3621,5.100462876450346E-5)
(5021,5.100462876450346E-5)
(1421,5.100462876450346E-5)
(9421,5.100462876450346E-5)
(5921,5.100462876450346E-5)
(9821,5.100462876450346E-5)
(4621,5.100462876450346E-5)
(5521,5.100462876450346E-5)
(1721,5.100462876450346E-5)
(2121,5.100462876450346E-5)
(6621,5.100462876450346E-5)
(7721,5.100462876450346E-5)
(4121,5.100462876450346E-5)
(6521,5.100462876450346E-5)
(7021,5.100462876450346E-5)
(8121,5.100462876450346E-5)
(6721,5.100462876450346E-5)
(4421,5.100462876450346E-5)
(8221,5.100462876450346E-5)
(5121,5.100462876450346E-5)
(2921,5.100462876450346E-5)
(2021,5.100462876450346E-5)
(3021,5.100462876450346E-5)
(4921,5.100462876450346E-5)
(21,5.100462876450346E-5)
(321,5.100462876450346E-5)
(721,5.100462876450346E-5)
(4521,5.100462876450346E-5)
(9321,5.100462876450346E-5)
(9121,5.100462876450346E-5)
(9621,5.100462876450346E-5)
(3521,5.100462876450346E-5)
(6121,5.100462876450346E-5)
(2221,5.100462876450346E-5)
(2521,5.100462876450346E-5)
(6021,5.100462876450346E-5)
(621,5.100462876450346E-5)
(3721,5.100462876450346E-5)
(7521,5.100462876450346E-5)
(8321,5.100462876450346E-5)
(1221,5.100462876450346E-5)
(7921,5.100462876450346E-5)
(4221,5.100462876450346E-5)
(9721,5.100462876450346E-5)
(6321,5.100462876450346E-5)
(5821,5.100462876450346E-5)
(7321,5.100462876450346E-5)
(3121,5.100462876450346E-5)
(8921,5.100462876450346E-5)
(4821,5.100462876450346E-5)
(5621,5.100462876450346E-5)
(3421,5.100462876450346E-5)
(1321,5.100462876450346E-5)
(1121,5.100462876450346E-5)
(2721,5.100462876450346E-5)
(121,5.100462876450346E-5)
(1021,5.100462876450346E-5)
(4021,5.100462876450346E-5)
(9221,5.100462876450346E-5)
(4721,5.100462876450346E-5)
(421,5.100462876450346E-5)
(4321,5.100462876450346E-5)
(821,5.100462876450346E-5)
(8721,5.100462876450346E-5)
(6221,5.100462876450346E-5)
(6921,5.100462876450346E-5)
(2421,5.100462876450346E-5)
(7821,5.100462876450346E-5)
(5221,5.100462876450346E-5)
(2821,5.100462876450346E-5)
(5421,5.100462876450346E-5)
(8421,5.100462876450346E-5)
(921,5.100462876450346E-5)
(2621,5.100462876450346E-5)
(3321,5.100462876450346E-5)
(6421,5.100462876450346E-5)
(9921,5.100462876450346E-5)
(9021,5.100462876450346E-5)
(3221,5.100462876450346E-5)
(7221,5.100462876450346E-5)
(7421,5.100462876450346E-5)
(521,5.100462876450346E-5)
(1521,5.100462876450346E-5)
(6821,5.100462876450346E-5)
(3821,5.100462876450346E-5)
(221,5.100462876450346E-5)
(7121,5.100462876450346E-5)
(5321,5.100462876450346E-5)
(8521,5.100462876450346E-5)
(2321,5.100462876450346E-5)
(3921,5.100462876450346E-5)
(7621,5.100462876450346E-5)
(8821,5.100462876450346E-5)
(8621,5.100462876450346E-5)
