(9134,7.763536763654336E-5)
(34,7.763536763654336E-5)
(5134,7.763536763654336E-5)
(6134,7.763536763654336E-5)
(134,7.763536763654336E-5)
(1434,7.763536763654336E-5)
(9034,7.763536763654336E-5)
(1734,7.763536763654336E-5)
(7534,7.763536763654336E-5)
(5234,7.763536763654336E-5)
(2934,7.763536763654336E-5)
(934,7.763536763654336E-5)
(2434,7.763536763654336E-5)
(5934,7.763536763654336E-5)
(2334,7.763536763654336E-5)
(1034,7.763536763654336E-5)
(3534,7.763536763654336E-5)
(4434,7.763536763654336E-5)
(9234,7.763536763654336E-5)
(334,7.763536763654336E-5)
(2234,7.763536763654336E-5)
(6834,7.763536763654336E-5)
(6734,7.763536763654336E-5)
(6434,7.763536763654336E-5)
(2734,7.763536763654336E-5)
(5334,7.763536763654336E-5)
(5834,7.763536763654336E-5)
(6034,7.763536763654336E-5)
(3234,7.763536763654336E-5)
(8234,7.763536763654336E-5)
(3134,7.763536763654336E-5)
(4834,7.763536763654336E-5)
(7834,7.763536763654336E-5)
(6634,7.763536763654336E-5)
(8734,7.763536763654336E-5)
(434,7.763536763654336E-5)
(9334,7.763536763654336E-5)
(1134,7.763536763654336E-5)
(7034,7.763536763654336E-5)
(7234,7.763536763654336E-5)
(1934,7.763536763654336E-5)
(1234,7.763536763654336E-5)
(2534,7.763536763654336E-5)
(7134,7.763536763654336E-5)
(1534,7.763536763654336E-5)
(5534,7.763536763654336E-5)
(7734,7.763536763654336E-5)
(9634,7.763536763654336E-5)
(4634,7.763536763654336E-5)
(8534,7.763536763654336E-5)
(4134,7.763536763654336E-5)
(1334,7.763536763654336E-5)
(2634,7.763536763654336E-5)
(9534,7.763536763654336E-5)
(9934,7.763536763654336E-5)
(6334,7.763536763654336E-5)
(834,7.763536763654336E-5)
(9434,7.763536763654336E-5)
(8334,7.763536763654336E-5)
(6934,7.763536763654336E-5)
(634,7.763536763654336E-5)
(3734,7.763536763654336E-5)
(5634,7.763536763654336E-5)
(7934,7.763536763654336E-5)
(4334,7.763536763654336E-5)
(4734,7.763536763654336E-5)
(6534,7.763536763654336E-5)
(2834,7.763536763654336E-5)
(3334,7.763536763654336E-5)
(4534,7.763536763654336E-5)
(3834,7.763536763654336E-5)
(9834,7.763536763654336E-5)
(8034,7.763536763654336E-5)
(7334,7.763536763654336E-5)
(1634,7.763536763654336E-5)
(3634,7.763536763654336E-5)
(1834,7.763536763654336E-5)
(2034,7.763536763654336E-5)
(8434,7.763536763654336E-5)
(4934,7.763536763654336E-5)
(6234,7.763536763654336E-5)
(9734,7.763536763654336E-5)
(4234,7.763536763654336E-5)
(7434,7.763536763654336E-5)
(8834,7.763536763654336E-5)
(3434,7.763536763654336E-5)
(4034,7.763536763654336E-5)
(5434,7.763536763654336E-5)
(8134,7.763536763654336E-5)
(8934,7.763536763654336E-5)
(5734,7.763536763654336E-5)
(3934,7.763536763654336E-5)
(3034,7.763536763654336E-5)
(5034,7.763536763654336E-5)
(8634,7.763536763654336E-5)
(234,7.763536763654336E-5)
(2134,7.763536763654336E-5)
(734,7.763536763654336E-5)
(534,7.763536763654336E-5)
(7634,7.763536763654336E-5)
