(3460,1.2159500958333047E-4)
(8660,1.2159500958333047E-4)
(1260,1.2159500958333047E-4)
(9060,1.2159500958333047E-4)
(860,1.2159500958333047E-4)
(2660,1.2159500958333047E-4)
(4560,1.2159500958333047E-4)
(6360,1.2159500958333047E-4)
(8360,1.2159500958333047E-4)
(4960,1.2159500958333047E-4)
(3060,1.2159500958333047E-4)
(3860,1.2159500958333047E-4)
(4460,1.2159500958333047E-4)
(4860,1.2159500958333047E-4)
(7860,1.2159500958333047E-4)
(2160,1.2159500958333047E-4)
(6460,1.2159500958333047E-4)
(5460,1.2159500958333047E-4)
(5660,1.2159500958333047E-4)
(8760,1.2159500958333047E-4)
(1060,1.2159500958333047E-4)
(2760,1.2159500958333047E-4)
(4260,1.2159500958333047E-4)
(3760,1.2159500958333047E-4)
(160,1.2159500958333047E-4)
(3160,1.2159500958333047E-4)
(2960,1.2159500958333047E-4)
(6160,1.2159500958333047E-4)
(460,1.2159500958333047E-4)
(4660,1.2159500958333047E-4)
(1860,1.2159500958333047E-4)
(3360,1.2159500958333047E-4)
(7460,1.2159500958333047E-4)
(2560,1.2159500958333047E-4)
(60,1.2159500958333047E-4)
(5860,1.2159500958333047E-4)
(360,1.2159500958333047E-4)
(1360,1.2159500958333047E-4)
(9160,1.2159500958333047E-4)
(6560,1.2159500958333047E-4)
(9960,1.2159500958333047E-4)
(3260,1.2159500958333047E-4)
(5360,1.2159500958333047E-4)
(6960,1.2159500958333047E-4)
(6260,1.2159500958333047E-4)
(9760,1.2159500958333047E-4)
(9660,1.2159500958333047E-4)
(5960,1.2159500958333047E-4)
(8960,1.2159500958333047E-4)
(7060,1.2159500958333047E-4)
(4760,1.2159500958333047E-4)
(4060,1.2159500958333047E-4)
(3660,1.2159500958333047E-4)
(9260,1.2159500958333047E-4)
(7360,1.2159500958333047E-4)
(2060,1.2159500958333047E-4)
(4160,1.2159500958333047E-4)
(5060,1.2159500958333047E-4)
(1160,1.2159500958333047E-4)
(9860,1.2159500958333047E-4)
(9460,1.2159500958333047E-4)
(2360,1.2159500958333047E-4)
(1760,1.2159500958333047E-4)
(9360,1.2159500958333047E-4)
(7560,1.2159500958333047E-4)
(7760,1.2159500958333047E-4)
(660,1.2159500958333047E-4)
(8260,1.2159500958333047E-4)
(760,1.2159500958333047E-4)
(5160,1.2159500958333047E-4)
(5560,1.2159500958333047E-4)
(7260,1.2159500958333047E-4)
(3560,1.2159500958333047E-4)
(8160,1.2159500958333047E-4)
(6660,1.2159500958333047E-4)
(260,1.2159500958333047E-4)
(1660,1.2159500958333047E-4)
(1460,1.2159500958333047E-4)
(5260,1.2159500958333047E-4)
(2260,1.2159500958333047E-4)
(8460,1.2159500958333047E-4)
(560,1.2159500958333047E-4)
(4360,1.2159500958333047E-4)
(2860,1.2159500958333047E-4)
(6760,1.2159500958333047E-4)
(7960,1.2159500958333047E-4)
(8060,1.2159500958333047E-4)
(3960,1.2159500958333047E-4)
(6860,1.2159500958333047E-4)
(2460,1.2159500958333047E-4)
(7160,1.2159500958333047E-4)
(8860,1.2159500958333047E-4)
(8560,1.2159500958333047E-4)
(960,1.2159500958333047E-4)
(7660,1.2159500958333047E-4)
(1560,1.2159500958333047E-4)
(5760,1.2159500958333047E-4)
(9560,1.2159500958333047E-4)
(1960,1.2159500958333047E-4)
(6060,1.2159500958333047E-4)
