(6559,1.2010614584974225E-4)
(7759,1.2010614584974225E-4)
(9259,1.2010614584974225E-4)
(3859,1.2010614584974225E-4)
(3959,1.2010614584974225E-4)
(4159,1.2010614584974225E-4)
(6159,1.2010614584974225E-4)
(359,1.2010614584974225E-4)
(5159,1.2010614584974225E-4)
(5759,1.2010614584974225E-4)
(6759,1.2010614584974225E-4)
(7459,1.2010614584974225E-4)
(459,1.2010614584974225E-4)
(5659,1.2010614584974225E-4)
(4359,1.2010614584974225E-4)
(8559,1.2010614584974225E-4)
(7059,1.2010614584974225E-4)
(659,1.2010614584974225E-4)
(4959,1.2010614584974225E-4)
(3059,1.2010614584974225E-4)
(859,1.2010614584974225E-4)
(9759,1.2010614584974225E-4)
(6059,1.2010614584974225E-4)
(3359,1.2010614584974225E-4)
(8059,1.2010614584974225E-4)
(8759,1.2010614584974225E-4)
(6959,1.2010614584974225E-4)
(2359,1.2010614584974225E-4)
(8259,1.2010614584974225E-4)
(9659,1.2010614584974225E-4)
(2659,1.2010614584974225E-4)
(4659,1.2010614584974225E-4)
(59,1.2010614584974225E-4)
(6459,1.2010614584974225E-4)
(9159,1.2010614584974225E-4)
(6359,1.2010614584974225E-4)
(3559,1.2010614584974225E-4)
(8959,1.2010614584974225E-4)
(2059,1.2010614584974225E-4)
(2859,1.2010614584974225E-4)
(3159,1.2010614584974225E-4)
(1659,1.2010614584974225E-4)
(3659,1.2010614584974225E-4)
(1559,1.2010614584974225E-4)
(7359,1.2010614584974225E-4)
(1759,1.2010614584974225E-4)
(1959,1.2010614584974225E-4)
(9559,1.2010614584974225E-4)
(4059,1.2010614584974225E-4)
(2159,1.2010614584974225E-4)
(4859,1.2010614584974225E-4)
(8859,1.2010614584974225E-4)
(9959,1.2010614584974225E-4)
(1259,1.2010614584974225E-4)
(3259,1.2010614584974225E-4)
(5059,1.2010614584974225E-4)
(2959,1.2010614584974225E-4)
(9859,1.2010614584974225E-4)
(2259,1.2010614584974225E-4)
(2759,1.2010614584974225E-4)
(3759,1.2010614584974225E-4)
(1059,1.2010614584974225E-4)
(8359,1.2010614584974225E-4)
(3459,1.2010614584974225E-4)
(8659,1.2010614584974225E-4)
(5559,1.2010614584974225E-4)
(9459,1.2010614584974225E-4)
(5359,1.2010614584974225E-4)
(7959,1.2010614584974225E-4)
(2559,1.2010614584974225E-4)
(6659,1.2010614584974225E-4)
(1359,1.2010614584974225E-4)
(159,1.2010614584974225E-4)
(1159,1.2010614584974225E-4)
(5959,1.2010614584974225E-4)
(4759,1.2010614584974225E-4)
(6259,1.2010614584974225E-4)
(9359,1.2010614584974225E-4)
(5859,1.2010614584974225E-4)
(8459,1.2010614584974225E-4)
(8159,1.2010614584974225E-4)
(1459,1.2010614584974225E-4)
(4459,1.2010614584974225E-4)
(6859,1.2010614584974225E-4)
(7659,1.2010614584974225E-4)
(7159,1.2010614584974225E-4)
(959,1.2010614584974225E-4)
(259,1.2010614584974225E-4)
(559,1.2010614584974225E-4)
(759,1.2010614584974225E-4)
(5259,1.2010614584974225E-4)
(9059,1.2010614584974225E-4)
(5459,1.2010614584974225E-4)
(4559,1.2010614584974225E-4)
(4259,1.2010614584974225E-4)
(2459,1.2010614584974225E-4)
(7259,1.2010614584974225E-4)
(7559,1.2010614584974225E-4)
(7859,1.2010614584974225E-4)
(1859,1.2010614584974225E-4)
