(2630,6.980504610261425E-5)
(8130,6.980504610261425E-5)
(6130,6.980504610261425E-5)
(9730,6.980504610261425E-5)
(3630,6.980504610261425E-5)
(5630,6.980504610261425E-5)
(930,6.980504610261425E-5)
(130,6.980504610261425E-5)
(9230,6.980504610261425E-5)
(1330,6.980504610261425E-5)
(8530,6.980504610261425E-5)
(5230,6.980504610261425E-5)
(530,6.980504610261425E-5)
(2030,6.980504610261425E-5)
(9330,6.980504610261425E-5)
(4930,6.980504610261425E-5)
(730,6.980504610261425E-5)
(7330,6.980504610261425E-5)
(1430,6.980504610261425E-5)
(4130,6.980504610261425E-5)
(8630,6.980504610261425E-5)
(7130,6.980504610261425E-5)
(2430,6.980504610261425E-5)
(4030,6.980504610261425E-5)
(330,6.980504610261425E-5)
(4530,6.980504610261425E-5)
(3230,6.980504610261425E-5)
(3130,6.980504610261425E-5)
(1830,6.980504610261425E-5)
(6530,6.980504610261425E-5)
(4230,6.980504610261425E-5)
(3330,6.980504610261425E-5)
(6730,6.980504610261425E-5)
(5330,6.980504610261425E-5)
(6330,6.980504610261425E-5)
(3530,6.980504610261425E-5)
(1630,6.980504610261425E-5)
(6430,6.980504610261425E-5)
(8430,6.980504610261425E-5)
(3430,6.980504610261425E-5)
(8030,6.980504610261425E-5)
(7230,6.980504610261425E-5)
(6630,6.980504610261425E-5)
(1130,6.980504610261425E-5)
(6930,6.980504610261425E-5)
(5730,6.980504610261425E-5)
(830,6.980504610261425E-5)
(9830,6.980504610261425E-5)
(4430,6.980504610261425E-5)
(9930,6.980504610261425E-5)
(630,6.980504610261425E-5)
(230,6.980504610261425E-5)
(1930,6.980504610261425E-5)
(2330,6.980504610261425E-5)
(7930,6.980504610261425E-5)
(2730,6.980504610261425E-5)
(4630,6.980504610261425E-5)
(4730,6.980504610261425E-5)
(6030,6.980504610261425E-5)
(5430,6.980504610261425E-5)
(3030,6.980504610261425E-5)
(5030,6.980504610261425E-5)
(5930,6.980504610261425E-5)
(8730,6.980504610261425E-5)
(30,6.980504610261425E-5)
(9630,6.980504610261425E-5)
(5530,6.980504610261425E-5)
(5830,6.980504610261425E-5)
(4330,6.980504610261425E-5)
(3730,6.980504610261425E-5)
(8330,6.980504610261425E-5)
(9030,6.980504610261425E-5)
(7030,6.980504610261425E-5)
(9530,6.980504610261425E-5)
(430,6.980504610261425E-5)
(7630,6.980504610261425E-5)
(2130,6.980504610261425E-5)
(2530,6.980504610261425E-5)
(1030,6.980504610261425E-5)
(9130,6.980504610261425E-5)
(8230,6.980504610261425E-5)
(6230,6.980504610261425E-5)
(7830,6.980504610261425E-5)
(7730,6.980504610261425E-5)
(9430,6.980504610261425E-5)
(2930,6.980504610261425E-5)
(1730,6.980504610261425E-5)
(2230,6.980504610261425E-5)
(7430,6.980504610261425E-5)
(1530,6.980504610261425E-5)
(8830,6.980504610261425E-5)
(2830,6.980504610261425E-5)
(3830,6.980504610261425E-5)
(5130,6.980504610261425E-5)
(3930,6.980504610261425E-5)
(1230,6.980504610261425E-5)
(6830,6.980504610261425E-5)
(4830,6.980504610261425E-5)
(8930,6.980504610261425E-5)
(7530,6.980504610261425E-5)
