(5464,1.2740450458299452E-4)
(3364,1.2740450458299452E-4)
(3764,1.2740450458299452E-4)
(8264,1.2740450458299452E-4)
(9864,1.2740450458299452E-4)
(9164,1.2740450458299452E-4)
(6664,1.2740450458299452E-4)
(5364,1.2740450458299452E-4)
(464,1.2740450458299452E-4)
(1564,1.2740450458299452E-4)
(1364,1.2740450458299452E-4)
(964,1.2740450458299452E-4)
(9064,1.2740450458299452E-4)
(2364,1.2740450458299452E-4)
(864,1.2740450458299452E-4)
(8764,1.2740450458299452E-4)
(764,1.2740450458299452E-4)
(4064,1.2740450458299452E-4)
(7464,1.2740450458299452E-4)
(3164,1.2740450458299452E-4)
(5964,1.2740450458299452E-4)
(8164,1.2740450458299452E-4)
(6564,1.2740450458299452E-4)
(2664,1.2740450458299452E-4)
(4564,1.2740450458299452E-4)
(8864,1.2740450458299452E-4)
(6464,1.2740450458299452E-4)
(3064,1.2740450458299452E-4)
(5764,1.2740450458299452E-4)
(264,1.2740450458299452E-4)
(1864,1.2740450458299452E-4)
(4364,1.2740450458299452E-4)
(4464,1.2740450458299452E-4)
(4164,1.2740450458299452E-4)
(7364,1.2740450458299452E-4)
(4764,1.2740450458299452E-4)
(4664,1.2740450458299452E-4)
(6764,1.2740450458299452E-4)
(9964,1.2740450458299452E-4)
(9664,1.2740450458299452E-4)
(9464,1.2740450458299452E-4)
(5864,1.2740450458299452E-4)
(7564,1.2740450458299452E-4)
(5264,1.2740450458299452E-4)
(7064,1.2740450458299452E-4)
(8464,1.2740450458299452E-4)
(9264,1.2740450458299452E-4)
(7664,1.2740450458299452E-4)
(2564,1.2740450458299452E-4)
(9764,1.2740450458299452E-4)
(8664,1.2740450458299452E-4)
(9364,1.2740450458299452E-4)
(5664,1.2740450458299452E-4)
(8964,1.2740450458299452E-4)
(7964,1.2740450458299452E-4)
(2164,1.2740450458299452E-4)
(64,1.2740450458299452E-4)
(6364,1.2740450458299452E-4)
(3464,1.2740450458299452E-4)
(1764,1.2740450458299452E-4)
(664,1.2740450458299452E-4)
(3664,1.2740450458299452E-4)
(2464,1.2740450458299452E-4)
(1664,1.2740450458299452E-4)
(1464,1.2740450458299452E-4)
(364,1.2740450458299452E-4)
(2764,1.2740450458299452E-4)
(7864,1.2740450458299452E-4)
(1064,1.2740450458299452E-4)
(4864,1.2740450458299452E-4)
(5064,1.2740450458299452E-4)
(6964,1.2740450458299452E-4)
(2964,1.2740450458299452E-4)
(7164,1.2740450458299452E-4)
(6164,1.2740450458299452E-4)
(564,1.2740450458299452E-4)
(8064,1.2740450458299452E-4)
(8364,1.2740450458299452E-4)
(5564,1.2740450458299452E-4)
(1264,1.2740450458299452E-4)
(6264,1.2740450458299452E-4)
(4264,1.2740450458299452E-4)
(7764,1.2740450458299452E-4)
(5164,1.2740450458299452E-4)
(4964,1.2740450458299452E-4)
(3864,1.2740450458299452E-4)
(2864,1.2740450458299452E-4)
(2264,1.2740450458299452E-4)
(7264,1.2740450458299452E-4)
(6064,1.2740450458299452E-4)
(2064,1.2740450458299452E-4)
(164,1.2740450458299452E-4)
(3564,1.2740450458299452E-4)
(1964,1.2740450458299452E-4)
(6864,1.2740450458299452E-4)
(1164,1.2740450458299452E-4)
(3264,1.2740450458299452E-4)
(8564,1.2740450458299452E-4)
(3964,1.2740450458299452E-4)
(9564,1.2740450458299452E-4)
