(8176,1.4350791808896105E-4)
(9476,1.4350791808896105E-4)
(8476,1.4350791808896105E-4)
(876,1.4350791808896105E-4)
(6976,1.4350791808896105E-4)
(1576,1.4350791808896105E-4)
(2076,1.4350791808896105E-4)
(2376,1.4350791808896105E-4)
(3476,1.4350791808896105E-4)
(2976,1.4350791808896105E-4)
(2776,1.4350791808896105E-4)
(6776,1.4350791808896105E-4)
(4576,1.4350791808896105E-4)
(9076,1.4350791808896105E-4)
(1976,1.4350791808896105E-4)
(4076,1.4350791808896105E-4)
(4476,1.4350791808896105E-4)
(8376,1.4350791808896105E-4)
(3776,1.4350791808896105E-4)
(576,1.4350791808896105E-4)
(1876,1.4350791808896105E-4)
(976,1.4350791808896105E-4)
(4776,1.4350791808896105E-4)
(9976,1.4350791808896105E-4)
(2276,1.4350791808896105E-4)
(6876,1.4350791808896105E-4)
(1376,1.4350791808896105E-4)
(4176,1.4350791808896105E-4)
(676,1.4350791808896105E-4)
(5976,1.4350791808896105E-4)
(6476,1.4350791808896105E-4)
(4376,1.4350791808896105E-4)
(1476,1.4350791808896105E-4)
(9776,1.4350791808896105E-4)
(2676,1.4350791808896105E-4)
(9176,1.4350791808896105E-4)
(7276,1.4350791808896105E-4)
(4876,1.4350791808896105E-4)
(2476,1.4350791808896105E-4)
(3176,1.4350791808896105E-4)
(9376,1.4350791808896105E-4)
(5276,1.4350791808896105E-4)
(6376,1.4350791808896105E-4)
(7076,1.4350791808896105E-4)
(176,1.4350791808896105E-4)
(9276,1.4350791808896105E-4)
(1176,1.4350791808896105E-4)
(1676,1.4350791808896105E-4)
(8976,1.4350791808896105E-4)
(476,1.4350791808896105E-4)
(2176,1.4350791808896105E-4)
(3976,1.4350791808896105E-4)
(5676,1.4350791808896105E-4)
(5476,1.4350791808896105E-4)
(376,1.4350791808896105E-4)
(4976,1.4350791808896105E-4)
(8276,1.4350791808896105E-4)
(7376,1.4350791808896105E-4)
(3876,1.4350791808896105E-4)
(8576,1.4350791808896105E-4)
(6576,1.4350791808896105E-4)
(5576,1.4350791808896105E-4)
(5776,1.4350791808896105E-4)
(4676,1.4350791808896105E-4)
(9676,1.4350791808896105E-4)
(2876,1.4350791808896105E-4)
(1276,1.4350791808896105E-4)
(3076,1.4350791808896105E-4)
(6076,1.4350791808896105E-4)
(7176,1.4350791808896105E-4)
(8076,1.4350791808896105E-4)
(76,1.4350791808896105E-4)
(5876,1.4350791808896105E-4)
(3376,1.4350791808896105E-4)
(276,1.4350791808896105E-4)
(2576,1.4350791808896105E-4)
(5176,1.4350791808896105E-4)
(8676,1.4350791808896105E-4)
(8876,1.4350791808896105E-4)
(7776,1.4350791808896105E-4)
(5376,1.4350791808896105E-4)
(9576,1.4350791808896105E-4)
(7876,1.4350791808896105E-4)
(6276,1.4350791808896105E-4)
(7976,1.4350791808896105E-4)
(7676,1.4350791808896105E-4)
(7476,1.4350791808896105E-4)
(8776,1.4350791808896105E-4)
(3276,1.4350791808896105E-4)
(9876,1.4350791808896105E-4)
(3576,1.4350791808896105E-4)
(3676,1.4350791808896105E-4)
(6176,1.4350791808896105E-4)
(6676,1.4350791808896105E-4)
(776,1.4350791808896105E-4)
(1776,1.4350791808896105E-4)
(5076,1.4350791808896105E-4)
(1076,1.4350791808896105E-4)
(4276,1.4350791808896105E-4)
(7576,1.4350791808896105E-4)
