(6607,1.8198513609852278E-5)
(4707,1.8198513609852278E-5)
(907,1.8198513609852278E-5)
(8007,1.8198513609852278E-5)
(8507,1.8198513609852278E-5)
(807,1.8198513609852278E-5)
(1407,1.8198513609852278E-5)
(3007,1.8198513609852278E-5)
(5007,1.8198513609852278E-5)
(9707,1.8198513609852278E-5)
(9607,1.8198513609852278E-5)
(3207,1.8198513609852278E-5)
(707,1.8198513609852278E-5)
(307,1.8198513609852278E-5)
(1907,1.8198513609852278E-5)
(4407,1.8198513609852278E-5)
(4307,1.8198513609852278E-5)
(3607,1.8198513609852278E-5)
(7707,1.8198513609852278E-5)
(1207,1.8198513609852278E-5)
(4107,1.8198513609852278E-5)
(1807,1.8198513609852278E-5)
(7407,1.8198513609852278E-5)
(4607,1.8198513609852278E-5)
(8607,1.8198513609852278E-5)
(9807,1.8198513609852278E-5)
(1007,1.8198513609852278E-5)
(2907,1.8198513609852278E-5)
(3407,1.8198513609852278E-5)
(3507,1.8198513609852278E-5)
(5707,1.8198513609852278E-5)
(7607,1.8198513609852278E-5)
(2807,1.8198513609852278E-5)
(7107,1.8198513609852278E-5)
(1307,1.8198513609852278E-5)
(3307,1.8198513609852278E-5)
(5807,1.8198513609852278E-5)
(5207,1.8198513609852278E-5)
(8107,1.8198513609852278E-5)
(8807,1.8198513609852278E-5)
(3907,1.8198513609852278E-5)
(6907,1.8198513609852278E-5)
(6107,1.8198513609852278E-5)
(5607,1.8198513609852278E-5)
(1707,1.8198513609852278E-5)
(2607,1.8198513609852278E-5)
(5507,1.8198513609852278E-5)
(6807,1.8198513609852278E-5)
(6207,1.8198513609852278E-5)
(6307,1.8198513609852278E-5)
(4007,1.8198513609852278E-5)
(2707,1.8198513609852278E-5)
(6507,1.8198513609852278E-5)
(9907,1.8198513609852278E-5)
(2107,1.8198513609852278E-5)
(2507,1.8198513609852278E-5)
(7507,1.8198513609852278E-5)
(407,1.8198513609852278E-5)
(3807,1.8198513609852278E-5)
(1507,1.8198513609852278E-5)
(107,1.8198513609852278E-5)
(7907,1.8198513609852278E-5)
(4907,1.8198513609852278E-5)
(9307,1.8198513609852278E-5)
(607,1.8198513609852278E-5)
(2307,1.8198513609852278E-5)
(7007,1.8198513609852278E-5)
(2407,1.8198513609852278E-5)
(5107,1.8198513609852278E-5)
(4207,1.8198513609852278E-5)
(9407,1.8198513609852278E-5)
(8307,1.8198513609852278E-5)
(6007,1.8198513609852278E-5)
(5307,1.8198513609852278E-5)
(7307,1.8198513609852278E-5)
(9207,1.8198513609852278E-5)
(5907,1.8198513609852278E-5)
(9007,1.8198513609852278E-5)
(2007,1.8198513609852278E-5)
(6407,1.8198513609852278E-5)
(9507,1.8198513609852278E-5)
(1607,1.8198513609852278E-5)
(8907,1.8198513609852278E-5)
(1107,1.8198513609852278E-5)
(4807,1.8198513609852278E-5)
(7807,1.8198513609852278E-5)
(207,1.8198513609852278E-5)
(4507,1.8198513609852278E-5)
(2207,1.8198513609852278E-5)
(3707,1.8198513609852278E-5)
(507,1.8198513609852278E-5)
(3107,1.8198513609852278E-5)
(9107,1.8198513609852278E-5)
(5407,1.8198513609852278E-5)
(6707,1.8198513609852278E-5)
(8207,1.8198513609852278E-5)
(8407,1.8198513609852278E-5)
(7,1.8198513609852278E-5)
(7207,1.8198513609852278E-5)
(8707,1.8198513609852278E-5)
