(5667,1.3161237441051176E-4)
(267,1.3161237441051176E-4)
(4567,1.3161237441051176E-4)
(5067,1.3161237441051176E-4)
(1067,1.3161237441051176E-4)
(5967,1.3161237441051176E-4)
(6167,1.3161237441051176E-4)
(4267,1.3161237441051176E-4)
(767,1.3161237441051176E-4)
(7767,1.3161237441051176E-4)
(5767,1.3161237441051176E-4)
(9067,1.3161237441051176E-4)
(667,1.3161237441051176E-4)
(9767,1.3161237441051176E-4)
(3567,1.3161237441051176E-4)
(5367,1.3161237441051176E-4)
(7467,1.3161237441051176E-4)
(8567,1.3161237441051176E-4)
(9567,1.3161237441051176E-4)
(8467,1.3161237441051176E-4)
(4367,1.3161237441051176E-4)
(3267,1.3161237441051176E-4)
(8667,1.3161237441051176E-4)
(7967,1.3161237441051176E-4)
(6967,1.3161237441051176E-4)
(4767,1.3161237441051176E-4)
(3967,1.3161237441051176E-4)
(8167,1.3161237441051176E-4)
(8967,1.3161237441051176E-4)
(967,1.3161237441051176E-4)
(367,1.3161237441051176E-4)
(4667,1.3161237441051176E-4)
(1667,1.3161237441051176E-4)
(6567,1.3161237441051176E-4)
(9867,1.3161237441051176E-4)
(3467,1.3161237441051176E-4)
(2067,1.3161237441051176E-4)
(9967,1.3161237441051176E-4)
(1467,1.3161237441051176E-4)
(4067,1.3161237441051176E-4)
(7067,1.3161237441051176E-4)
(3067,1.3161237441051176E-4)
(67,1.3161237441051176E-4)
(4967,1.3161237441051176E-4)
(3667,1.3161237441051176E-4)
(4167,1.3161237441051176E-4)
(2167,1.3161237441051176E-4)
(6667,1.3161237441051176E-4)
(9467,1.3161237441051176E-4)
(7367,1.3161237441051176E-4)
(5867,1.3161237441051176E-4)
(867,1.3161237441051176E-4)
(6367,1.3161237441051176E-4)
(9167,1.3161237441051176E-4)
(1867,1.3161237441051176E-4)
(5267,1.3161237441051176E-4)
(5167,1.3161237441051176E-4)
(1167,1.3161237441051176E-4)
(1967,1.3161237441051176E-4)
(5467,1.3161237441051176E-4)
(7167,1.3161237441051176E-4)
(2467,1.3161237441051176E-4)
(3167,1.3161237441051176E-4)
(567,1.3161237441051176E-4)
(7867,1.3161237441051176E-4)
(3867,1.3161237441051176E-4)
(8767,1.3161237441051176E-4)
(2267,1.3161237441051176E-4)
(6767,1.3161237441051176E-4)
(8867,1.3161237441051176E-4)
(6267,1.3161237441051176E-4)
(5567,1.3161237441051176E-4)
(8367,1.3161237441051176E-4)
(1567,1.3161237441051176E-4)
(167,1.3161237441051176E-4)
(2567,1.3161237441051176E-4)
(467,1.3161237441051176E-4)
(2367,1.3161237441051176E-4)
(9667,1.3161237441051176E-4)
(6067,1.3161237441051176E-4)
(3367,1.3161237441051176E-4)
(2767,1.3161237441051176E-4)
(1267,1.3161237441051176E-4)
(4467,1.3161237441051176E-4)
(4867,1.3161237441051176E-4)
(8067,1.3161237441051176E-4)
(6867,1.3161237441051176E-4)
(8267,1.3161237441051176E-4)
(9367,1.3161237441051176E-4)
(7567,1.3161237441051176E-4)
(1367,1.3161237441051176E-4)
(2667,1.3161237441051176E-4)
(7667,1.3161237441051176E-4)
(7267,1.3161237441051176E-4)
(6467,1.3161237441051176E-4)
(2867,1.3161237441051176E-4)
(2967,1.3161237441051176E-4)
(9267,1.3161237441051176E-4)
(3767,1.3161237441051176E-4)
(1767,1.3161237441051176E-4)
