(8363,1.2597373579940291E-4)
(3863,1.2597373579940291E-4)
(5463,1.2597373579940291E-4)
(8163,1.2597373579940291E-4)
(5263,1.2597373579940291E-4)
(4563,1.2597373579940291E-4)
(4963,1.2597373579940291E-4)
(7263,1.2597373579940291E-4)
(8263,1.2597373579940291E-4)
(6063,1.2597373579940291E-4)
(7663,1.2597373579940291E-4)
(7163,1.2597373579940291E-4)
(7963,1.2597373579940291E-4)
(9263,1.2597373579940291E-4)
(8463,1.2597373579940291E-4)
(5063,1.2597373579940291E-4)
(63,1.2597373579940291E-4)
(3263,1.2597373579940291E-4)
(6763,1.2597373579940291E-4)
(1963,1.2597373579940291E-4)
(4063,1.2597373579940291E-4)
(8663,1.2597373579940291E-4)
(7863,1.2597373579940291E-4)
(9763,1.2597373579940291E-4)
(2863,1.2597373579940291E-4)
(8963,1.2597373579940291E-4)
(4363,1.2597373579940291E-4)
(2063,1.2597373579940291E-4)
(3063,1.2597373579940291E-4)
(8563,1.2597373579940291E-4)
(2663,1.2597373579940291E-4)
(9963,1.2597373579940291E-4)
(9063,1.2597373579940291E-4)
(7463,1.2597373579940291E-4)
(8863,1.2597373579940291E-4)
(2163,1.2597373579940291E-4)
(5963,1.2597373579940291E-4)
(763,1.2597373579940291E-4)
(5163,1.2597373579940291E-4)
(9463,1.2597373579940291E-4)
(5363,1.2597373579940291E-4)
(6963,1.2597373579940291E-4)
(6863,1.2597373579940291E-4)
(4663,1.2597373579940291E-4)
(363,1.2597373579940291E-4)
(8763,1.2597373579940291E-4)
(2963,1.2597373579940291E-4)
(1263,1.2597373579940291E-4)
(5563,1.2597373579940291E-4)
(6263,1.2597373579940291E-4)
(3463,1.2597373579940291E-4)
(9163,1.2597373579940291E-4)
(4763,1.2597373579940291E-4)
(3763,1.2597373579940291E-4)
(1363,1.2597373579940291E-4)
(3563,1.2597373579940291E-4)
(263,1.2597373579940291E-4)
(5863,1.2597373579940291E-4)
(5763,1.2597373579940291E-4)
(6563,1.2597373579940291E-4)
(2363,1.2597373579940291E-4)
(1563,1.2597373579940291E-4)
(963,1.2597373579940291E-4)
(563,1.2597373579940291E-4)
(1763,1.2597373579940291E-4)
(2263,1.2597373579940291E-4)
(2463,1.2597373579940291E-4)
(463,1.2597373579940291E-4)
(6363,1.2597373579940291E-4)
(7763,1.2597373579940291E-4)
(1163,1.2597373579940291E-4)
(3363,1.2597373579940291E-4)
(9563,1.2597373579940291E-4)
(3163,1.2597373579940291E-4)
(4463,1.2597373579940291E-4)
(4263,1.2597373579940291E-4)
(1463,1.2597373579940291E-4)
(663,1.2597373579940291E-4)
(9863,1.2597373579940291E-4)
(6463,1.2597373579940291E-4)
(6163,1.2597373579940291E-4)
(6663,1.2597373579940291E-4)
(4863,1.2597373579940291E-4)
(3663,1.2597373579940291E-4)
(863,1.2597373579940291E-4)
(9663,1.2597373579940291E-4)
(1063,1.2597373579940291E-4)
(3963,1.2597373579940291E-4)
(7363,1.2597373579940291E-4)
(7063,1.2597373579940291E-4)
(1863,1.2597373579940291E-4)
(5663,1.2597373579940291E-4)
(4163,1.2597373579940291E-4)
(7563,1.2597373579940291E-4)
(163,1.2597373579940291E-4)
(2763,1.2597373579940291E-4)
(2563,1.2597373579940291E-4)
(9363,1.2597373579940291E-4)
(1663,1.2597373579940291E-4)
(8063,1.2597373579940291E-4)
