(6895,1.653803779321526E-4)
(3395,1.653803779321526E-4)
(4995,1.653803779321526E-4)
(8295,1.653803779321526E-4)
(9895,1.653803779321526E-4)
(5695,1.653803779321526E-4)
(5395,1.653803779321526E-4)
(795,1.653803779321526E-4)
(5095,1.653803779321526E-4)
(6695,1.653803779321526E-4)
(4695,1.653803779321526E-4)
(7095,1.653803779321526E-4)
(4295,1.653803779321526E-4)
(9995,1.653803779321526E-4)
(4095,1.653803779321526E-4)
(8095,1.653803779321526E-4)
(8595,1.653803779321526E-4)
(7195,1.653803779321526E-4)
(8695,1.653803779321526E-4)
(195,1.653803779321526E-4)
(1995,1.653803779321526E-4)
(495,1.653803779321526E-4)
(2695,1.653803779321526E-4)
(2295,1.653803779321526E-4)
(5295,1.653803779321526E-4)
(8795,1.653803779321526E-4)
(1495,1.653803779321526E-4)
(3795,1.653803779321526E-4)
(1895,1.653803779321526E-4)
(6495,1.653803779321526E-4)
(2595,1.653803779321526E-4)
(9195,1.653803779321526E-4)
(4595,1.653803779321526E-4)
(3095,1.653803779321526E-4)
(7695,1.653803779321526E-4)
(395,1.653803779321526E-4)
(7895,1.653803779321526E-4)
(1395,1.653803779321526E-4)
(1695,1.653803779321526E-4)
(4195,1.653803779321526E-4)
(2495,1.653803779321526E-4)
(2195,1.653803779321526E-4)
(2895,1.653803779321526E-4)
(4395,1.653803779321526E-4)
(9295,1.653803779321526E-4)
(5995,1.653803779321526E-4)
(3295,1.653803779321526E-4)
(6795,1.653803779321526E-4)
(5495,1.653803779321526E-4)
(6395,1.653803779321526E-4)
(6295,1.653803779321526E-4)
(3195,1.653803779321526E-4)
(8995,1.653803779321526E-4)
(3495,1.653803779321526E-4)
(7395,1.653803779321526E-4)
(4795,1.653803779321526E-4)
(4895,1.653803779321526E-4)
(1295,1.653803779321526E-4)
(6195,1.653803779321526E-4)
(1195,1.653803779321526E-4)
(2095,1.653803779321526E-4)
(4495,1.653803779321526E-4)
(9695,1.653803779321526E-4)
(9495,1.653803779321526E-4)
(8895,1.653803779321526E-4)
(2995,1.653803779321526E-4)
(9795,1.653803779321526E-4)
(7495,1.653803779321526E-4)
(3995,1.653803779321526E-4)
(7795,1.653803779321526E-4)
(2395,1.653803779321526E-4)
(3595,1.653803779321526E-4)
(7995,1.653803779321526E-4)
(6995,1.653803779321526E-4)
(8395,1.653803779321526E-4)
(3895,1.653803779321526E-4)
(95,1.653803779321526E-4)
(5195,1.653803779321526E-4)
(1595,1.653803779321526E-4)
(9595,1.653803779321526E-4)
(3695,1.653803779321526E-4)
(5595,1.653803779321526E-4)
(9095,1.653803779321526E-4)
(5895,1.653803779321526E-4)
(995,1.653803779321526E-4)
(5795,1.653803779321526E-4)
(1795,1.653803779321526E-4)
(895,1.653803779321526E-4)
(7295,1.653803779321526E-4)
(9395,1.653803779321526E-4)
(2795,1.653803779321526E-4)
(6095,1.653803779321526E-4)
(295,1.653803779321526E-4)
(595,1.653803779321526E-4)
(1095,1.653803779321526E-4)
(8495,1.653803779321526E-4)
(7595,1.653803779321526E-4)
(6595,1.653803779321526E-4)
(695,1.653803779321526E-4)
(8195,1.653803779321526E-4)
