(1649,1.0437356893592051E-4)
(4949,1.0437356893592051E-4)
(6749,1.0437356893592051E-4)
(9849,1.0437356893592051E-4)
(6149,1.0437356893592051E-4)
(3549,1.0437356893592051E-4)
(8149,1.0437356893592051E-4)
(1449,1.0437356893592051E-4)
(2549,1.0437356893592051E-4)
(7749,1.0437356893592051E-4)
(1349,1.0437356893592051E-4)
(449,1.0437356893592051E-4)
(6049,1.0437356893592051E-4)
(4749,1.0437356893592051E-4)
(9049,1.0437356893592051E-4)
(5949,1.0437356893592051E-4)
(9149,1.0437356893592051E-4)
(3749,1.0437356893592051E-4)
(1849,1.0437356893592051E-4)
(2049,1.0437356893592051E-4)
(9249,1.0437356893592051E-4)
(1149,1.0437356893592051E-4)
(2949,1.0437356893592051E-4)
(7549,1.0437356893592051E-4)
(1549,1.0437356893592051E-4)
(2149,1.0437356893592051E-4)
(3949,1.0437356893592051E-4)
(4549,1.0437356893592051E-4)
(6649,1.0437356893592051E-4)
(9749,1.0437356893592051E-4)
(7649,1.0437356893592051E-4)
(7249,1.0437356893592051E-4)
(2449,1.0437356893592051E-4)
(3449,1.0437356893592051E-4)
(3349,1.0437356893592051E-4)
(8949,1.0437356893592051E-4)
(7449,1.0437356893592051E-4)
(3149,1.0437356893592051E-4)
(4849,1.0437356893592051E-4)
(8349,1.0437356893592051E-4)
(5549,1.0437356893592051E-4)
(5649,1.0437356893592051E-4)
(2749,1.0437356893592051E-4)
(3649,1.0437356893592051E-4)
(6249,1.0437356893592051E-4)
(5149,1.0437356893592051E-4)
(5349,1.0437356893592051E-4)
(8249,1.0437356893592051E-4)
(3849,1.0437356893592051E-4)
(649,1.0437356893592051E-4)
(7949,1.0437356893592051E-4)
(1049,1.0437356893592051E-4)
(349,1.0437356893592051E-4)
(4249,1.0437356893592051E-4)
(4049,1.0437356893592051E-4)
(549,1.0437356893592051E-4)
(2349,1.0437356893592051E-4)
(8449,1.0437356893592051E-4)
(1749,1.0437356893592051E-4)
(5049,1.0437356893592051E-4)
(149,1.0437356893592051E-4)
(9649,1.0437356893592051E-4)
(4449,1.0437356893592051E-4)
(949,1.0437356893592051E-4)
(6949,1.0437356893592051E-4)
(8749,1.0437356893592051E-4)
(7349,1.0437356893592051E-4)
(4649,1.0437356893592051E-4)
(49,1.0437356893592051E-4)
(2249,1.0437356893592051E-4)
(849,1.0437356893592051E-4)
(7849,1.0437356893592051E-4)
(6549,1.0437356893592051E-4)
(9549,1.0437356893592051E-4)
(1949,1.0437356893592051E-4)
(7149,1.0437356893592051E-4)
(6349,1.0437356893592051E-4)
(6849,1.0437356893592051E-4)
(7049,1.0437356893592051E-4)
(5249,1.0437356893592051E-4)
(8049,1.0437356893592051E-4)
(5849,1.0437356893592051E-4)
(8549,1.0437356893592051E-4)
(2649,1.0437356893592051E-4)
(4149,1.0437356893592051E-4)
(1249,1.0437356893592051E-4)
(2849,1.0437356893592051E-4)
(9949,1.0437356893592051E-4)
(4349,1.0437356893592051E-4)
(3049,1.0437356893592051E-4)
(249,1.0437356893592051E-4)
(5449,1.0437356893592051E-4)
(6449,1.0437356893592051E-4)
(9449,1.0437356893592051E-4)
(5749,1.0437356893592051E-4)
(3249,1.0437356893592051E-4)
(8849,1.0437356893592051E-4)
(9349,1.0437356893592051E-4)
(8649,1.0437356893592051E-4)
(749,1.0437356893592051E-4)
