(8996,1.664209819421526E-4)
(3696,1.664209819421526E-4)
(2596,1.664209819421526E-4)
(8396,1.664209819421526E-4)
(2896,1.664209819421526E-4)
(5596,1.664209819421526E-4)
(7296,1.664209819421526E-4)
(7396,1.664209819421526E-4)
(1496,1.664209819421526E-4)
(996,1.664209819421526E-4)
(9996,1.664209819421526E-4)
(1996,1.664209819421526E-4)
(1896,1.664209819421526E-4)
(2396,1.664209819421526E-4)
(4796,1.664209819421526E-4)
(7996,1.664209819421526E-4)
(5396,1.664209819421526E-4)
(796,1.664209819421526E-4)
(7196,1.664209819421526E-4)
(396,1.664209819421526E-4)
(4996,1.664209819421526E-4)
(6596,1.664209819421526E-4)
(6396,1.664209819421526E-4)
(6196,1.664209819421526E-4)
(5896,1.664209819421526E-4)
(7496,1.664209819421526E-4)
(7596,1.664209819421526E-4)
(1596,1.664209819421526E-4)
(4396,1.664209819421526E-4)
(3396,1.664209819421526E-4)
(4596,1.664209819421526E-4)
(9396,1.664209819421526E-4)
(2696,1.664209819421526E-4)
(3496,1.664209819421526E-4)
(8196,1.664209819421526E-4)
(8596,1.664209819421526E-4)
(8296,1.664209819421526E-4)
(9496,1.664209819421526E-4)
(5796,1.664209819421526E-4)
(1096,1.664209819421526E-4)
(696,1.664209819421526E-4)
(9696,1.664209819421526E-4)
(3996,1.664209819421526E-4)
(3096,1.664209819421526E-4)
(4896,1.664209819421526E-4)
(496,1.664209819421526E-4)
(1396,1.664209819421526E-4)
(7896,1.664209819421526E-4)
(1196,1.664209819421526E-4)
(6996,1.664209819421526E-4)
(2096,1.664209819421526E-4)
(8796,1.664209819421526E-4)
(196,1.664209819421526E-4)
(3896,1.664209819421526E-4)
(296,1.664209819421526E-4)
(96,1.664209819421526E-4)
(2796,1.664209819421526E-4)
(3296,1.664209819421526E-4)
(8496,1.664209819421526E-4)
(5696,1.664209819421526E-4)
(5196,1.664209819421526E-4)
(1296,1.664209819421526E-4)
(4496,1.664209819421526E-4)
(6696,1.664209819421526E-4)
(2496,1.664209819421526E-4)
(5996,1.664209819421526E-4)
(6096,1.664209819421526E-4)
(8896,1.664209819421526E-4)
(2296,1.664209819421526E-4)
(3196,1.664209819421526E-4)
(3596,1.664209819421526E-4)
(8096,1.664209819421526E-4)
(896,1.664209819421526E-4)
(9296,1.664209819421526E-4)
(596,1.664209819421526E-4)
(6896,1.664209819421526E-4)
(9096,1.664209819421526E-4)
(7096,1.664209819421526E-4)
(5296,1.664209819421526E-4)
(5096,1.664209819421526E-4)
(5496,1.664209819421526E-4)
(3796,1.664209819421526E-4)
(4296,1.664209819421526E-4)
(4196,1.664209819421526E-4)
(9596,1.664209819421526E-4)
(6796,1.664209819421526E-4)
(6296,1.664209819421526E-4)
(7696,1.664209819421526E-4)
(2996,1.664209819421526E-4)
(9896,1.664209819421526E-4)
(1696,1.664209819421526E-4)
(1796,1.664209819421526E-4)
(4096,1.664209819421526E-4)
(2196,1.664209819421526E-4)
(8696,1.664209819421526E-4)
(6496,1.664209819421526E-4)
(4696,1.664209819421526E-4)
(7796,1.664209819421526E-4)
(9796,1.664209819421526E-4)
(9196,1.664209819421526E-4)
