(19,4.65931460055327E-5)
(5019,4.65931460055327E-5)
(6419,4.65931460055327E-5)
(7619,4.65931460055327E-5)
(9119,4.65931460055327E-5)
(9919,4.65931460055327E-5)
(9019,4.65931460055327E-5)
(319,4.65931460055327E-5)
(4819,4.65931460055327E-5)
(3019,4.65931460055327E-5)
(5919,4.65931460055327E-5)
(3919,4.65931460055327E-5)
(6219,4.65931460055327E-5)
(5419,4.65931460055327E-5)
(2919,4.65931460055327E-5)
(3719,4.65931460055327E-5)
(5819,4.65931460055327E-5)
(7519,4.65931460055327E-5)
(2819,4.65931460055327E-5)
(3319,4.65931460055327E-5)
(5119,4.65931460055327E-5)
(6319,4.65931460055327E-5)
(1419,4.65931460055327E-5)
(2119,4.65931460055327E-5)
(9519,4.65931460055327E-5)
(719,4.65931460055327E-5)
(2419,4.65931460055327E-5)
(2719,4.65931460055327E-5)
(2219,4.65931460055327E-5)
(5619,4.65931460055327E-5)
(4919,4.65931460055327E-5)
(6519,4.65931460055327E-5)
(9819,4.65931460055327E-5)
(8219,4.65931460055327E-5)
(1119,4.65931460055327E-5)
(1019,4.65931460055327E-5)
(3819,4.65931460055327E-5)
(8619,4.65931460055327E-5)
(6619,4.65931460055327E-5)
(9419,4.65931460055327E-5)
(1819,4.65931460055327E-5)
(8419,4.65931460055327E-5)
(6119,4.65931460055327E-5)
(7719,4.65931460055327E-5)
(119,4.65931460055327E-5)
(3619,4.65931460055327E-5)
(8719,4.65931460055327E-5)
(2019,4.65931460055327E-5)
(6819,4.65931460055327E-5)
(619,4.65931460055327E-5)
(7119,4.65931460055327E-5)
(1719,4.65931460055327E-5)
(6919,4.65931460055327E-5)
(1519,4.65931460055327E-5)
(5719,4.65931460055327E-5)
(419,4.65931460055327E-5)
(8119,4.65931460055327E-5)
(1919,4.65931460055327E-5)
(3119,4.65931460055327E-5)
(7819,4.65931460055327E-5)
(3219,4.65931460055327E-5)
(8919,4.65931460055327E-5)
(1219,4.65931460055327E-5)
(2619,4.65931460055327E-5)
(8819,4.65931460055327E-5)
(219,4.65931460055327E-5)
(7319,4.65931460055327E-5)
(7019,4.65931460055327E-5)
(8019,4.65931460055327E-5)
(6019,4.65931460055327E-5)
(9619,4.65931460055327E-5)
(919,4.65931460055327E-5)
(9319,4.65931460055327E-5)
(4319,4.65931460055327E-5)
(8319,4.65931460055327E-5)
(7419,4.65931460055327E-5)
(6719,4.65931460055327E-5)
(7219,4.65931460055327E-5)
(4419,4.65931460055327E-5)
(2519,4.65931460055327E-5)
(519,4.65931460055327E-5)
(5319,4.65931460055327E-5)
(4219,4.65931460055327E-5)
(5219,4.65931460055327E-5)
(2319,4.65931460055327E-5)
(3519,4.65931460055327E-5)
(9219,4.65931460055327E-5)
(1619,4.65931460055327E-5)
(3419,4.65931460055327E-5)
(8519,4.65931460055327E-5)
(9719,4.65931460055327E-5)
(4019,4.65931460055327E-5)
(4619,4.65931460055327E-5)
(5519,4.65931460055327E-5)
(4519,4.65931460055327E-5)
(4119,4.65931460055327E-5)
(4719,4.65931460055327E-5)
(819,4.65931460055327E-5)
(1319,4.65931460055327E-5)
(7919,4.65931460055327E-5)
