(772,1.3835228625232746E-4)
(1772,1.3835228625232746E-4)
(3272,1.3835228625232746E-4)
(8372,1.3835228625232746E-4)
(6172,1.3835228625232746E-4)
(9472,1.3835228625232746E-4)
(672,1.3835228625232746E-4)
(6772,1.3835228625232746E-4)
(7072,1.3835228625232746E-4)
(272,1.3835228625232746E-4)
(8772,1.3835228625232746E-4)
(8572,1.3835228625232746E-4)
(8072,1.3835228625232746E-4)
(7672,1.3835228625232746E-4)
(5372,1.3835228625232746E-4)
(2772,1.3835228625232746E-4)
(9672,1.3835228625232746E-4)
(9172,1.3835228625232746E-4)
(4972,1.3835228625232746E-4)
(9372,1.3835228625232746E-4)
(9972,1.3835228625232746E-4)
(4672,1.3835228625232746E-4)
(8972,1.3835228625232746E-4)
(8172,1.3835228625232746E-4)
(3572,1.3835228625232746E-4)
(4272,1.3835228625232746E-4)
(2272,1.3835228625232746E-4)
(1872,1.3835228625232746E-4)
(3672,1.3835228625232746E-4)
(8272,1.3835228625232746E-4)
(3772,1.3835228625232746E-4)
(6072,1.3835228625232746E-4)
(6672,1.3835228625232746E-4)
(8872,1.3835228625232746E-4)
(3872,1.3835228625232746E-4)
(5672,1.3835228625232746E-4)
(572,1.3835228625232746E-4)
(172,1.3835228625232746E-4)
(6972,1.3835228625232746E-4)
(3372,1.3835228625232746E-4)
(972,1.3835228625232746E-4)
(2472,1.3835228625232746E-4)
(2672,1.3835228625232746E-4)
(1472,1.3835228625232746E-4)
(2572,1.3835228625232746E-4)
(7772,1.3835228625232746E-4)
(3472,1.3835228625232746E-4)
(872,1.3835228625232746E-4)
(1672,1.3835228625232746E-4)
(8672,1.3835228625232746E-4)
(2872,1.3835228625232746E-4)
(7172,1.3835228625232746E-4)
(5472,1.3835228625232746E-4)
(1272,1.3835228625232746E-4)
(7972,1.3835228625232746E-4)
(2372,1.3835228625232746E-4)
(4772,1.3835228625232746E-4)
(5872,1.3835228625232746E-4)
(2172,1.3835228625232746E-4)
(3072,1.3835228625232746E-4)
(2072,1.3835228625232746E-4)
(4372,1.3835228625232746E-4)
(5172,1.3835228625232746E-4)
(1972,1.3835228625232746E-4)
(7272,1.3835228625232746E-4)
(9272,1.3835228625232746E-4)
(472,1.3835228625232746E-4)
(5272,1.3835228625232746E-4)
(2972,1.3835228625232746E-4)
(72,1.3835228625232746E-4)
(5972,1.3835228625232746E-4)
(8472,1.3835228625232746E-4)
(4072,1.3835228625232746E-4)
(3972,1.3835228625232746E-4)
(7372,1.3835228625232746E-4)
(7872,1.3835228625232746E-4)
(1372,1.3835228625232746E-4)
(7472,1.3835228625232746E-4)
(4472,1.3835228625232746E-4)
(1572,1.3835228625232746E-4)
(4572,1.3835228625232746E-4)
(6272,1.3835228625232746E-4)
(7572,1.3835228625232746E-4)
(6472,1.3835228625232746E-4)
(4172,1.3835228625232746E-4)
(4872,1.3835228625232746E-4)
(6572,1.3835228625232746E-4)
(9572,1.3835228625232746E-4)
(5072,1.3835228625232746E-4)
(9072,1.3835228625232746E-4)
(5772,1.3835228625232746E-4)
(9872,1.3835228625232746E-4)
(5572,1.3835228625232746E-4)
(6872,1.3835228625232746E-4)
(3172,1.3835228625232746E-4)
(9772,1.3835228625232746E-4)
(6372,1.3835228625232746E-4)
(1172,1.3835228625232746E-4)
(1072,1.3835228625232746E-4)
(372,1.3835228625232746E-4)
