(9439,8.699501638717949E-5)
(39,8.699501638717949E-5)
(8739,8.699501638717949E-5)
(5939,8.699501638717949E-5)
(5439,8.699501638717949E-5)
(8339,8.699501638717949E-5)
(6939,8.699501638717949E-5)
(9839,8.699501638717949E-5)
(639,8.699501638717949E-5)
(1239,8.699501638717949E-5)
(5039,8.699501638717949E-5)
(2739,8.699501638717949E-5)
(1339,8.699501638717949E-5)
(8139,8.699501638717949E-5)
(7939,8.699501638717949E-5)
(5639,8.699501638717949E-5)
(3339,8.699501638717949E-5)
(9639,8.699501638717949E-5)
(8839,8.699501638717949E-5)
(3239,8.699501638717949E-5)
(5539,8.699501638717949E-5)
(4839,8.699501638717949E-5)
(1739,8.699501638717949E-5)
(339,8.699501638717949E-5)
(6539,8.699501638717949E-5)
(4939,8.699501638717949E-5)
(5839,8.699501638717949E-5)
(3739,8.699501638717949E-5)
(539,8.699501638717949E-5)
(139,8.699501638717949E-5)
(7239,8.699501638717949E-5)
(9239,8.699501638717949E-5)
(1139,8.699501638717949E-5)
(6039,8.699501638717949E-5)
(7439,8.699501638717949E-5)
(4639,8.699501638717949E-5)
(4239,8.699501638717949E-5)
(3139,8.699501638717949E-5)
(9039,8.699501638717949E-5)
(1839,8.699501638717949E-5)
(8539,8.699501638717949E-5)
(1639,8.699501638717949E-5)
(3839,8.699501638717949E-5)
(4539,8.699501638717949E-5)
(7339,8.699501638717949E-5)
(7139,8.699501638717949E-5)
(2839,8.699501638717949E-5)
(5239,8.699501638717949E-5)
(9539,8.699501638717949E-5)
(6339,8.699501638717949E-5)
(6139,8.699501638717949E-5)
(3539,8.699501638717949E-5)
(1439,8.699501638717949E-5)
(3939,8.699501638717949E-5)
(7839,8.699501638717949E-5)
(4139,8.699501638717949E-5)
(4339,8.699501638717949E-5)
(239,8.699501638717949E-5)
(1039,8.699501638717949E-5)
(2139,8.699501638717949E-5)
(8439,8.699501638717949E-5)
(2339,8.699501638717949E-5)
(8239,8.699501638717949E-5)
(3639,8.699501638717949E-5)
(3439,8.699501638717949E-5)
(2639,8.699501638717949E-5)
(5139,8.699501638717949E-5)
(6439,8.699501638717949E-5)
(5739,8.699501638717949E-5)
(1939,8.699501638717949E-5)
(7739,8.699501638717949E-5)
(939,8.699501638717949E-5)
(8939,8.699501638717949E-5)
(7039,8.699501638717949E-5)
(2239,8.699501638717949E-5)
(4439,8.699501638717949E-5)
(3039,8.699501638717949E-5)
(4039,8.699501638717949E-5)
(5339,8.699501638717949E-5)
(6639,8.699501638717949E-5)
(9739,8.699501638717949E-5)
(9139,8.699501638717949E-5)
(7639,8.699501638717949E-5)
(2039,8.699501638717949E-5)
(2439,8.699501638717949E-5)
(8039,8.699501638717949E-5)
(839,8.699501638717949E-5)
(9339,8.699501638717949E-5)
(6239,8.699501638717949E-5)
(1539,8.699501638717949E-5)
(739,8.699501638717949E-5)
(2939,8.699501638717949E-5)
(2539,8.699501638717949E-5)
(6739,8.699501638717949E-5)
(9939,8.699501638717949E-5)
(4739,8.699501638717949E-5)
(8639,8.699501638717949E-5)
(6839,8.699501638717949E-5)
(7539,8.699501638717949E-5)
(439,8.699501638717949E-5)
