(6305,1.3127627936273044E-5)
(2205,1.3127627936273044E-5)
(7605,1.3127627936273044E-5)
(1305,1.3127627936273044E-5)
(5905,1.3127627936273044E-5)
(9105,1.3127627936273044E-5)
(1905,1.3127627936273044E-5)
(2705,1.3127627936273044E-5)
(7905,1.3127627936273044E-5)
(2905,1.3127627936273044E-5)
(105,1.3127627936273044E-5)
(4705,1.3127627936273044E-5)
(3305,1.3127627936273044E-5)
(2005,1.3127627936273044E-5)
(8405,1.3127627936273044E-5)
(2405,1.3127627936273044E-5)
(6505,1.3127627936273044E-5)
(5605,1.3127627936273044E-5)
(6405,1.3127627936273044E-5)
(6205,1.3127627936273044E-5)
(8305,1.3127627936273044E-5)
(605,1.3127627936273044E-5)
(4605,1.3127627936273044E-5)
(5105,1.3127627936273044E-5)
(5805,1.3127627936273044E-5)
(2305,1.3127627936273044E-5)
(1705,1.3127627936273044E-5)
(905,1.3127627936273044E-5)
(6805,1.3127627936273044E-5)
(9905,1.3127627936273044E-5)
(3005,1.3127627936273044E-5)
(3205,1.3127627936273044E-5)
(9805,1.3127627936273044E-5)
(1605,1.3127627936273044E-5)
(7005,1.3127627936273044E-5)
(6605,1.3127627936273044E-5)
(4205,1.3127627936273044E-5)
(4405,1.3127627936273044E-5)
(8505,1.3127627936273044E-5)
(3905,1.3127627936273044E-5)
(705,1.3127627936273044E-5)
(405,1.3127627936273044E-5)
(7705,1.3127627936273044E-5)
(6905,1.3127627936273044E-5)
(6005,1.3127627936273044E-5)
(2605,1.3127627936273044E-5)
(9605,1.3127627936273044E-5)
(4105,1.3127627936273044E-5)
(5,1.3127627936273044E-5)
(1005,1.3127627936273044E-5)
(8605,1.3127627936273044E-5)
(9705,1.3127627936273044E-5)
(2805,1.3127627936273044E-5)
(1505,1.3127627936273044E-5)
(4505,1.3127627936273044E-5)
(8205,1.3127627936273044E-5)
(4805,1.3127627936273044E-5)
(6705,1.3127627936273044E-5)
(2105,1.3127627936273044E-5)
(7105,1.3127627936273044E-5)
(5205,1.3127627936273044E-5)
(3105,1.3127627936273044E-5)
(8105,1.3127627936273044E-5)
(505,1.3127627936273044E-5)
(205,1.3127627936273044E-5)
(7505,1.3127627936273044E-5)
(305,1.3127627936273044E-5)
(3505,1.3127627936273044E-5)
(8005,1.3127627936273044E-5)
(9505,1.3127627936273044E-5)
(9305,1.3127627936273044E-5)
(3705,1.3127627936273044E-5)
(3805,1.3127627936273044E-5)
(6105,1.3127627936273044E-5)
(5705,1.3127627936273044E-5)
(4305,1.3127627936273044E-5)
(7205,1.3127627936273044E-5)
(7805,1.3127627936273044E-5)
(5305,1.3127627936273044E-5)
(5405,1.3127627936273044E-5)
(8705,1.3127627936273044E-5)
(8805,1.3127627936273044E-5)
(8905,1.3127627936273044E-5)
(1105,1.3127627936273044E-5)
(1805,1.3127627936273044E-5)
(2505,1.3127627936273044E-5)
(9205,1.3127627936273044E-5)
(1205,1.3127627936273044E-5)
(5005,1.3127627936273044E-5)
(7305,1.3127627936273044E-5)
(9405,1.3127627936273044E-5)
(3405,1.3127627936273044E-5)
(9005,1.3127627936273044E-5)
(4905,1.3127627936273044E-5)
(7405,1.3127627936273044E-5)
(5505,1.3127627936273044E-5)
(4005,1.3127627936273044E-5)
(805,1.3127627936273044E-5)
(3605,1.3127627936273044E-5)
(1405,1.3127627936273044E-5)
