(3275,1.4223818344042915E-4)
(6475,1.4223818344042915E-4)
(4775,1.4223818344042915E-4)
(6575,1.4223818344042915E-4)
(2075,1.4223818344042915E-4)
(3875,1.4223818344042915E-4)
(2875,1.4223818344042915E-4)
(9275,1.4223818344042915E-4)
(3075,1.4223818344042915E-4)
(9575,1.4223818344042915E-4)
(9475,1.4223818344042915E-4)
(1375,1.4223818344042915E-4)
(7875,1.4223818344042915E-4)
(6975,1.4223818344042915E-4)
(9775,1.4223818344042915E-4)
(175,1.4223818344042915E-4)
(8675,1.4223818344042915E-4)
(4175,1.4223818344042915E-4)
(8875,1.4223818344042915E-4)
(2175,1.4223818344042915E-4)
(9375,1.4223818344042915E-4)
(9875,1.4223818344042915E-4)
(3475,1.4223818344042915E-4)
(5175,1.4223818344042915E-4)
(8475,1.4223818344042915E-4)
(7575,1.4223818344042915E-4)
(3575,1.4223818344042915E-4)
(775,1.4223818344042915E-4)
(3975,1.4223818344042915E-4)
(4975,1.4223818344042915E-4)
(4375,1.4223818344042915E-4)
(1575,1.4223818344042915E-4)
(9075,1.4223818344042915E-4)
(1775,1.4223818344042915E-4)
(4075,1.4223818344042915E-4)
(1175,1.4223818344042915E-4)
(1675,1.4223818344042915E-4)
(9975,1.4223818344042915E-4)
(6375,1.4223818344042915E-4)
(7775,1.4223818344042915E-4)
(5675,1.4223818344042915E-4)
(9675,1.4223818344042915E-4)
(1875,1.4223818344042915E-4)
(5275,1.4223818344042915E-4)
(8975,1.4223818344042915E-4)
(6875,1.4223818344042915E-4)
(1475,1.4223818344042915E-4)
(3775,1.4223818344042915E-4)
(5875,1.4223818344042915E-4)
(1975,1.4223818344042915E-4)
(7475,1.4223818344042915E-4)
(5475,1.4223818344042915E-4)
(6075,1.4223818344042915E-4)
(5575,1.4223818344042915E-4)
(2275,1.4223818344042915E-4)
(7975,1.4223818344042915E-4)
(8175,1.4223818344042915E-4)
(475,1.4223818344042915E-4)
(1075,1.4223818344042915E-4)
(3675,1.4223818344042915E-4)
(8075,1.4223818344042915E-4)
(3175,1.4223818344042915E-4)
(7375,1.4223818344042915E-4)
(875,1.4223818344042915E-4)
(2975,1.4223818344042915E-4)
(375,1.4223818344042915E-4)
(2575,1.4223818344042915E-4)
(2375,1.4223818344042915E-4)
(7075,1.4223818344042915E-4)
(275,1.4223818344042915E-4)
(5375,1.4223818344042915E-4)
(75,1.4223818344042915E-4)
(7175,1.4223818344042915E-4)
(1275,1.4223818344042915E-4)
(8275,1.4223818344042915E-4)
(8575,1.4223818344042915E-4)
(975,1.4223818344042915E-4)
(5075,1.4223818344042915E-4)
(5975,1.4223818344042915E-4)
(2475,1.4223818344042915E-4)
(2675,1.4223818344042915E-4)
(7675,1.4223818344042915E-4)
(8775,1.4223818344042915E-4)
(9175,1.4223818344042915E-4)
(6675,1.4223818344042915E-4)
(4475,1.4223818344042915E-4)
(4275,1.4223818344042915E-4)
(4575,1.4223818344042915E-4)
(6275,1.4223818344042915E-4)
(5775,1.4223818344042915E-4)
(4875,1.4223818344042915E-4)
(3375,1.4223818344042915E-4)
(2775,1.4223818344042915E-4)
(7275,1.4223818344042915E-4)
(4675,1.4223818344042915E-4)
(675,1.4223818344042915E-4)
(575,1.4223818344042915E-4)
(6175,1.4223818344042915E-4)
(8375,1.4223818344042915E-4)
(6775,1.4223818344042915E-4)
