(9473,1.396604951304445E-4)
(4473,1.396604951304445E-4)
(8173,1.396604951304445E-4)
(2073,1.396604951304445E-4)
(4073,1.396604951304445E-4)
(373,1.396604951304445E-4)
(2573,1.396604951304445E-4)
(1373,1.396604951304445E-4)
(9873,1.396604951304445E-4)
(2173,1.396604951304445E-4)
(1473,1.396604951304445E-4)
(7973,1.396604951304445E-4)
(473,1.396604951304445E-4)
(2873,1.396604951304445E-4)
(4973,1.396604951304445E-4)
(6573,1.396604951304445E-4)
(8273,1.396604951304445E-4)
(9573,1.396604951304445E-4)
(1073,1.396604951304445E-4)
(3973,1.396604951304445E-4)
(7073,1.396604951304445E-4)
(1673,1.396604951304445E-4)
(3673,1.396604951304445E-4)
(6673,1.396604951304445E-4)
(773,1.396604951304445E-4)
(8073,1.396604951304445E-4)
(9173,1.396604951304445E-4)
(4673,1.396604951304445E-4)
(8873,1.396604951304445E-4)
(673,1.396604951304445E-4)
(9073,1.396604951304445E-4)
(1173,1.396604951304445E-4)
(4173,1.396604951304445E-4)
(6473,1.396604951304445E-4)
(2973,1.396604951304445E-4)
(5673,1.396604951304445E-4)
(6273,1.396604951304445E-4)
(7873,1.396604951304445E-4)
(1973,1.396604951304445E-4)
(5173,1.396604951304445E-4)
(5973,1.396604951304445E-4)
(8973,1.396604951304445E-4)
(8473,1.396604951304445E-4)
(7673,1.396604951304445E-4)
(7573,1.396604951304445E-4)
(3773,1.396604951304445E-4)
(3273,1.396604951304445E-4)
(6873,1.396604951304445E-4)
(4373,1.396604951304445E-4)
(1773,1.396604951304445E-4)
(7273,1.396604951304445E-4)
(9973,1.396604951304445E-4)
(9673,1.396604951304445E-4)
(5373,1.396604951304445E-4)
(5473,1.396604951304445E-4)
(6073,1.396604951304445E-4)
(1873,1.396604951304445E-4)
(9773,1.396604951304445E-4)
(4773,1.396604951304445E-4)
(1573,1.396604951304445E-4)
(7473,1.396604951304445E-4)
(8773,1.396604951304445E-4)
(973,1.396604951304445E-4)
(3473,1.396604951304445E-4)
(8373,1.396604951304445E-4)
(3573,1.396604951304445E-4)
(3173,1.396604951304445E-4)
(2373,1.396604951304445E-4)
(8573,1.396604951304445E-4)
(173,1.396604951304445E-4)
(873,1.396604951304445E-4)
(273,1.396604951304445E-4)
(5073,1.396604951304445E-4)
(5573,1.396604951304445E-4)
(2473,1.396604951304445E-4)
(6773,1.396604951304445E-4)
(5773,1.396604951304445E-4)
(4873,1.396604951304445E-4)
(3873,1.396604951304445E-4)
(8673,1.396604951304445E-4)
(5273,1.396604951304445E-4)
(9373,1.396604951304445E-4)
(73,1.396604951304445E-4)
(7373,1.396604951304445E-4)
(3373,1.396604951304445E-4)
(2673,1.396604951304445E-4)
(7173,1.396604951304445E-4)
(7773,1.396604951304445E-4)
(5873,1.396604951304445E-4)
(9273,1.396604951304445E-4)
(2773,1.396604951304445E-4)
(3073,1.396604951304445E-4)
(1273,1.396604951304445E-4)
(6173,1.396604951304445E-4)
(2273,1.396604951304445E-4)
(6973,1.396604951304445E-4)
(4573,1.396604951304445E-4)
(573,1.396604951304445E-4)
(4273,1.396604951304445E-4)
(6373,1.396604951304445E-4)
