(9506,1.567568491652928E-5)
(3106,1.567568491652928E-5)
(8706,1.567568491652928E-5)
(2306,1.567568491652928E-5)
(3806,1.567568491652928E-5)
(2006,1.567568491652928E-5)
(906,1.567568491652928E-5)
(8306,1.567568491652928E-5)
(2806,1.567568491652928E-5)
(1706,1.567568491652928E-5)
(4006,1.567568491652928E-5)
(8906,1.567568491652928E-5)
(5806,1.567568491652928E-5)
(1606,1.567568491652928E-5)
(6506,1.567568491652928E-5)
(406,1.567568491652928E-5)
(3706,1.567568491652928E-5)
(3206,1.567568491652928E-5)
(4406,1.567568491652928E-5)
(6606,1.567568491652928E-5)
(2506,1.567568491652928E-5)
(1106,1.567568491652928E-5)
(1506,1.567568491652928E-5)
(4206,1.567568491652928E-5)
(2906,1.567568491652928E-5)
(4706,1.567568491652928E-5)
(9006,1.567568491652928E-5)
(3306,1.567568491652928E-5)
(7006,1.567568491652928E-5)
(8006,1.567568491652928E-5)
(5406,1.567568491652928E-5)
(9406,1.567568491652928E-5)
(1806,1.567568491652928E-5)
(8506,1.567568491652928E-5)
(606,1.567568491652928E-5)
(9106,1.567568491652928E-5)
(4506,1.567568491652928E-5)
(2606,1.567568491652928E-5)
(6006,1.567568491652928E-5)
(4806,1.567568491652928E-5)
(6,1.567568491652928E-5)
(5206,1.567568491652928E-5)
(7606,1.567568491652928E-5)
(6706,1.567568491652928E-5)
(306,1.567568491652928E-5)
(1306,1.567568491652928E-5)
(2206,1.567568491652928E-5)
(5906,1.567568491652928E-5)
(3506,1.567568491652928E-5)
(7106,1.567568491652928E-5)
(2706,1.567568491652928E-5)
(5006,1.567568491652928E-5)
(706,1.567568491652928E-5)
(6206,1.567568491652928E-5)
(7706,1.567568491652928E-5)
(9606,1.567568491652928E-5)
(5506,1.567568491652928E-5)
(8406,1.567568491652928E-5)
(1006,1.567568491652928E-5)
(6906,1.567568491652928E-5)
(2406,1.567568491652928E-5)
(1206,1.567568491652928E-5)
(4906,1.567568491652928E-5)
(8206,1.567568491652928E-5)
(1406,1.567568491652928E-5)
(4606,1.567568491652928E-5)
(6406,1.567568491652928E-5)
(6106,1.567568491652928E-5)
(106,1.567568491652928E-5)
(9906,1.567568491652928E-5)
(4106,1.567568491652928E-5)
(6806,1.567568491652928E-5)
(5606,1.567568491652928E-5)
(7506,1.567568491652928E-5)
(3606,1.567568491652928E-5)
(506,1.567568491652928E-5)
(8606,1.567568491652928E-5)
(3006,1.567568491652928E-5)
(8106,1.567568491652928E-5)
(3406,1.567568491652928E-5)
(7206,1.567568491652928E-5)
(3906,1.567568491652928E-5)
(8806,1.567568491652928E-5)
(2106,1.567568491652928E-5)
(7306,1.567568491652928E-5)
(5706,1.567568491652928E-5)
(9306,1.567568491652928E-5)
(4306,1.567568491652928E-5)
(7906,1.567568491652928E-5)
(9706,1.567568491652928E-5)
(206,1.567568491652928E-5)
(1906,1.567568491652928E-5)
(5106,1.567568491652928E-5)
(6306,1.567568491652928E-5)
(7406,1.567568491652928E-5)
(9206,1.567568491652928E-5)
(5306,1.567568491652928E-5)
(9806,1.567568491652928E-5)
(806,1.567568491652928E-5)
(7806,1.567568491652928E-5)
