(6687,1.566720548988236E-4)
(1687,1.566720548988236E-4)
(8587,1.566720548988236E-4)
(9687,1.566720548988236E-4)
(9387,1.566720548988236E-4)
(5287,1.566720548988236E-4)
(1787,1.566720548988236E-4)
(7287,1.566720548988236E-4)
(3587,1.566720548988236E-4)
(1187,1.566720548988236E-4)
(8187,1.566720548988236E-4)
(9187,1.566720548988236E-4)
(887,1.566720548988236E-4)
(5587,1.566720548988236E-4)
(6887,1.566720548988236E-4)
(7387,1.566720548988236E-4)
(5187,1.566720548988236E-4)
(5087,1.566720548988236E-4)
(4287,1.566720548988236E-4)
(7887,1.566720548988236E-4)
(8387,1.566720548988236E-4)
(2687,1.566720548988236E-4)
(2887,1.566720548988236E-4)
(7587,1.566720548988236E-4)
(4587,1.566720548988236E-4)
(5787,1.566720548988236E-4)
(9287,1.566720548988236E-4)
(1587,1.566720548988236E-4)
(9787,1.566720548988236E-4)
(6087,1.566720548988236E-4)
(8287,1.566720548988236E-4)
(6987,1.566720548988236E-4)
(6187,1.566720548988236E-4)
(3387,1.566720548988236E-4)
(4787,1.566720548988236E-4)
(8987,1.566720548988236E-4)
(6287,1.566720548988236E-4)
(3487,1.566720548988236E-4)
(3287,1.566720548988236E-4)
(8087,1.566720548988236E-4)
(787,1.566720548988236E-4)
(9887,1.566720548988236E-4)
(87,1.566720548988236E-4)
(287,1.566720548988236E-4)
(7787,1.566720548988236E-4)
(1487,1.566720548988236E-4)
(4087,1.566720548988236E-4)
(2387,1.566720548988236E-4)
(2087,1.566720548988236E-4)
(2487,1.566720548988236E-4)
(1287,1.566720548988236E-4)
(2987,1.566720548988236E-4)
(387,1.566720548988236E-4)
(2587,1.566720548988236E-4)
(9087,1.566720548988236E-4)
(5387,1.566720548988236E-4)
(6387,1.566720548988236E-4)
(1987,1.566720548988236E-4)
(4987,1.566720548988236E-4)
(3087,1.566720548988236E-4)
(7087,1.566720548988236E-4)
(9487,1.566720548988236E-4)
(4387,1.566720548988236E-4)
(9987,1.566720548988236E-4)
(8787,1.566720548988236E-4)
(5687,1.566720548988236E-4)
(7987,1.566720548988236E-4)
(2787,1.566720548988236E-4)
(1087,1.566720548988236E-4)
(8487,1.566720548988236E-4)
(8687,1.566720548988236E-4)
(8887,1.566720548988236E-4)
(3687,1.566720548988236E-4)
(6587,1.566720548988236E-4)
(3187,1.566720548988236E-4)
(7487,1.566720548988236E-4)
(5987,1.566720548988236E-4)
(5887,1.566720548988236E-4)
(7187,1.566720548988236E-4)
(3987,1.566720548988236E-4)
(187,1.566720548988236E-4)
(687,1.566720548988236E-4)
(1887,1.566720548988236E-4)
(5487,1.566720548988236E-4)
(4687,1.566720548988236E-4)
(587,1.566720548988236E-4)
(6787,1.566720548988236E-4)
(4887,1.566720548988236E-4)
(4487,1.566720548988236E-4)
(1387,1.566720548988236E-4)
(3887,1.566720548988236E-4)
(4187,1.566720548988236E-4)
(9587,1.566720548988236E-4)
(987,1.566720548988236E-4)
(6487,1.566720548988236E-4)
(7687,1.566720548988236E-4)
(2187,1.566720548988236E-4)
(3787,1.566720548988236E-4)
(487,1.566720548988236E-4)
(2287,1.566720548988236E-4)
