(762,1.2452865932797543E-4)
(7262,1.2452865932797543E-4)
(3462,1.2452865932797543E-4)
(8862,1.2452865932797543E-4)
(1662,1.2452865932797543E-4)
(7762,1.2452865932797543E-4)
(6362,1.2452865932797543E-4)
(5362,1.2452865932797543E-4)
(3562,1.2452865932797543E-4)
(3362,1.2452865932797543E-4)
(5462,1.2452865932797543E-4)
(9962,1.2452865932797543E-4)
(8462,1.2452865932797543E-4)
(2062,1.2452865932797543E-4)
(8762,1.2452865932797543E-4)
(2962,1.2452865932797543E-4)
(5162,1.2452865932797543E-4)
(3662,1.2452865932797543E-4)
(1162,1.2452865932797543E-4)
(7362,1.2452865932797543E-4)
(462,1.2452865932797543E-4)
(3262,1.2452865932797543E-4)
(162,1.2452865932797543E-4)
(2362,1.2452865932797543E-4)
(9562,1.2452865932797543E-4)
(3062,1.2452865932797543E-4)
(4462,1.2452865932797543E-4)
(1962,1.2452865932797543E-4)
(6062,1.2452865932797543E-4)
(6462,1.2452865932797543E-4)
(9162,1.2452865932797543E-4)
(6962,1.2452865932797543E-4)
(5962,1.2452865932797543E-4)
(9062,1.2452865932797543E-4)
(2862,1.2452865932797543E-4)
(62,1.2452865932797543E-4)
(1762,1.2452865932797543E-4)
(6762,1.2452865932797543E-4)
(5262,1.2452865932797543E-4)
(4062,1.2452865932797543E-4)
(4362,1.2452865932797543E-4)
(8262,1.2452865932797543E-4)
(662,1.2452865932797543E-4)
(4862,1.2452865932797543E-4)
(1862,1.2452865932797543E-4)
(1062,1.2452865932797543E-4)
(1462,1.2452865932797543E-4)
(4262,1.2452865932797543E-4)
(1362,1.2452865932797543E-4)
(962,1.2452865932797543E-4)
(2562,1.2452865932797543E-4)
(8362,1.2452865932797543E-4)
(6162,1.2452865932797543E-4)
(8662,1.2452865932797543E-4)
(262,1.2452865932797543E-4)
(1262,1.2452865932797543E-4)
(2262,1.2452865932797543E-4)
(4962,1.2452865932797543E-4)
(6662,1.2452865932797543E-4)
(4162,1.2452865932797543E-4)
(4762,1.2452865932797543E-4)
(7662,1.2452865932797543E-4)
(6562,1.2452865932797543E-4)
(362,1.2452865932797543E-4)
(862,1.2452865932797543E-4)
(9462,1.2452865932797543E-4)
(7862,1.2452865932797543E-4)
(5562,1.2452865932797543E-4)
(2162,1.2452865932797543E-4)
(9362,1.2452865932797543E-4)
(2762,1.2452865932797543E-4)
(3962,1.2452865932797543E-4)
(8562,1.2452865932797543E-4)
(9862,1.2452865932797543E-4)
(4662,1.2452865932797543E-4)
(3862,1.2452865932797543E-4)
(5762,1.2452865932797543E-4)
(2662,1.2452865932797543E-4)
(9662,1.2452865932797543E-4)
(562,1.2452865932797543E-4)
(5862,1.2452865932797543E-4)
(6862,1.2452865932797543E-4)
(9762,1.2452865932797543E-4)
(5062,1.2452865932797543E-4)
(8962,1.2452865932797543E-4)
(7562,1.2452865932797543E-4)
(8062,1.2452865932797543E-4)
(4562,1.2452865932797543E-4)
(7462,1.2452865932797543E-4)
(2462,1.2452865932797543E-4)
(5662,1.2452865932797543E-4)
(6262,1.2452865932797543E-4)
(7062,1.2452865932797543E-4)
(1562,1.2452865932797543E-4)
(8162,1.2452865932797543E-4)
(9262,1.2452865932797543E-4)
(3162,1.2452865932797543E-4)
(3762,1.2452865932797543E-4)
(7162,1.2452865932797543E-4)
(7962,1.2452865932797543E-4)
