(5899,1.6948138294215262E-4)
(4499,1.6948138294215262E-4)
(4099,1.6948138294215262E-4)
(3499,1.6948138294215262E-4)
(4999,1.6948138294215262E-4)
(4399,1.6948138294215262E-4)
(399,1.6948138294215262E-4)
(8099,1.6948138294215262E-4)
(5399,1.6948138294215262E-4)
(5499,1.6948138294215262E-4)
(9599,1.6948138294215262E-4)
(1299,1.6948138294215262E-4)
(7299,1.6948138294215262E-4)
(1999,1.6948138294215262E-4)
(9399,1.6948138294215262E-4)
(7499,1.6948138294215262E-4)
(199,1.6948138294215262E-4)
(99,1.6948138294215262E-4)
(299,1.6948138294215262E-4)
(6699,1.6948138294215262E-4)
(1899,1.6948138294215262E-4)
(2699,1.6948138294215262E-4)
(6499,1.6948138294215262E-4)
(7899,1.6948138294215262E-4)
(8599,1.6948138294215262E-4)
(5199,1.6948138294215262E-4)
(6599,1.6948138294215262E-4)
(799,1.6948138294215262E-4)
(2299,1.6948138294215262E-4)
(9499,1.6948138294215262E-4)
(1199,1.6948138294215262E-4)
(3799,1.6948138294215262E-4)
(8499,1.6948138294215262E-4)
(7699,1.6948138294215262E-4)
(9899,1.6948138294215262E-4)
(5599,1.6948138294215262E-4)
(8799,1.6948138294215262E-4)
(9999,1.6948138294215262E-4)
(8699,1.6948138294215262E-4)
(1499,1.6948138294215262E-4)
(6999,1.6948138294215262E-4)
(2999,1.6948138294215262E-4)
(599,1.6948138294215262E-4)
(4799,1.6948138294215262E-4)
(4599,1.6948138294215262E-4)
(3399,1.6948138294215262E-4)
(9699,1.6948138294215262E-4)
(1099,1.6948138294215262E-4)
(7099,1.6948138294215262E-4)
(3899,1.6948138294215262E-4)
(5299,1.6948138294215262E-4)
(3099,1.6948138294215262E-4)
(2399,1.6948138294215262E-4)
(9799,1.6948138294215262E-4)
(8199,1.6948138294215262E-4)
(1399,1.6948138294215262E-4)
(5099,1.6948138294215262E-4)
(8899,1.6948138294215262E-4)
(3199,1.6948138294215262E-4)
(5999,1.6948138294215262E-4)
(9099,1.6948138294215262E-4)
(6199,1.6948138294215262E-4)
(8999,1.6948138294215262E-4)
(8399,1.6948138294215262E-4)
(2899,1.6948138294215262E-4)
(2499,1.6948138294215262E-4)
(5699,1.6948138294215262E-4)
(5799,1.6948138294215262E-4)
(6299,1.6948138294215262E-4)
(6799,1.6948138294215262E-4)
(4699,1.6948138294215262E-4)
(999,1.6948138294215262E-4)
(7399,1.6948138294215262E-4)
(2799,1.6948138294215262E-4)
(4199,1.6948138294215262E-4)
(3699,1.6948138294215262E-4)
(7599,1.6948138294215262E-4)
(7199,1.6948138294215262E-4)
(1599,1.6948138294215262E-4)
(9199,1.6948138294215262E-4)
(2099,1.6948138294215262E-4)
(699,1.6948138294215262E-4)
(3299,1.6948138294215262E-4)
(3599,1.6948138294215262E-4)
(899,1.6948138294215262E-4)
(9299,1.6948138294215262E-4)
(6099,1.6948138294215262E-4)
(7999,1.6948138294215262E-4)
(1699,1.6948138294215262E-4)
(4899,1.6948138294215262E-4)
(8299,1.6948138294215262E-4)
(1799,1.6948138294215262E-4)
(3999,1.6948138294215262E-4)
(2599,1.6948138294215262E-4)
(6399,1.6948138294215262E-4)
(4299,1.6948138294215262E-4)
(7799,1.6948138294215262E-4)
(499,1.6948138294215262E-4)
(6899,1.6948138294215262E-4)
(2199,1.6948138294215262E-4)
