(4738,8.516015272162978E-5)
(5338,8.516015272162978E-5)
(1738,8.516015272162978E-5)
(4038,8.516015272162978E-5)
(5538,8.516015272162978E-5)
(4938,8.516015272162978E-5)
(138,8.516015272162978E-5)
(838,8.516015272162978E-5)
(4638,8.516015272162978E-5)
(2038,8.516015272162978E-5)
(4238,8.516015272162978E-5)
(4338,8.516015272162978E-5)
(1338,8.516015272162978E-5)
(7238,8.516015272162978E-5)
(8438,8.516015272162978E-5)
(6438,8.516015272162978E-5)
(238,8.516015272162978E-5)
(4438,8.516015272162978E-5)
(38,8.516015272162978E-5)
(5638,8.516015272162978E-5)
(9338,8.516015272162978E-5)
(5438,8.516015272162978E-5)
(1438,8.516015272162978E-5)
(7138,8.516015272162978E-5)
(5738,8.516015272162978E-5)
(9438,8.516015272162978E-5)
(4538,8.516015272162978E-5)
(3538,8.516015272162978E-5)
(1538,8.516015272162978E-5)
(2138,8.516015272162978E-5)
(6338,8.516015272162978E-5)
(3938,8.516015272162978E-5)
(538,8.516015272162978E-5)
(1838,8.516015272162978E-5)
(4838,8.516015272162978E-5)
(6538,8.516015272162978E-5)
(6038,8.516015272162978E-5)
(8838,8.516015272162978E-5)
(3638,8.516015272162978E-5)
(2738,8.516015272162978E-5)
(2238,8.516015272162978E-5)
(3438,8.516015272162978E-5)
(2838,8.516015272162978E-5)
(2938,8.516015272162978E-5)
(7738,8.516015272162978E-5)
(5238,8.516015272162978E-5)
(5838,8.516015272162978E-5)
(9038,8.516015272162978E-5)
(8038,8.516015272162978E-5)
(9138,8.516015272162978E-5)
(9838,8.516015272162978E-5)
(2338,8.516015272162978E-5)
(9238,8.516015272162978E-5)
(738,8.516015272162978E-5)
(8238,8.516015272162978E-5)
(4138,8.516015272162978E-5)
(338,8.516015272162978E-5)
(1138,8.516015272162978E-5)
(7538,8.516015272162978E-5)
(2538,8.516015272162978E-5)
(638,8.516015272162978E-5)
(3738,8.516015272162978E-5)
(7438,8.516015272162978E-5)
(7938,8.516015272162978E-5)
(7638,8.516015272162978E-5)
(5938,8.516015272162978E-5)
(1038,8.516015272162978E-5)
(2638,8.516015272162978E-5)
(5038,8.516015272162978E-5)
(938,8.516015272162978E-5)
(3338,8.516015272162978E-5)
(5138,8.516015272162978E-5)
(1638,8.516015272162978E-5)
(8638,8.516015272162978E-5)
(6238,8.516015272162978E-5)
(7338,8.516015272162978E-5)
(3038,8.516015272162978E-5)
(6638,8.516015272162978E-5)
(6738,8.516015272162978E-5)
(3838,8.516015272162978E-5)
(9738,8.516015272162978E-5)
(6138,8.516015272162978E-5)
(8338,8.516015272162978E-5)
(1238,8.516015272162978E-5)
(6838,8.516015272162978E-5)
(8738,8.516015272162978E-5)
(3238,8.516015272162978E-5)
(9638,8.516015272162978E-5)
(438,8.516015272162978E-5)
(9538,8.516015272162978E-5)
(9938,8.516015272162978E-5)
(8138,8.516015272162978E-5)
(8938,8.516015272162978E-5)
(3138,8.516015272162978E-5)
(6938,8.516015272162978E-5)
(7038,8.516015272162978E-5)
(2438,8.516015272162978E-5)
(8538,8.516015272162978E-5)
(1938,8.516015272162978E-5)
(7838,8.516015272162978E-5)
