(6915,3.750238579407582E-5)
(8915,3.750238579407582E-5)
(4815,3.750238579407582E-5)
(7915,3.750238579407582E-5)
(9215,3.750238579407582E-5)
(3315,3.750238579407582E-5)
(7515,3.750238579407582E-5)
(9515,3.750238579407582E-5)
(2415,3.750238579407582E-5)
(9415,3.750238579407582E-5)
(8315,3.750238579407582E-5)
(1515,3.750238579407582E-5)
(1415,3.750238579407582E-5)
(3215,3.750238579407582E-5)
(415,3.750238579407582E-5)
(8615,3.750238579407582E-5)
(215,3.750238579407582E-5)
(9615,3.750238579407582E-5)
(2215,3.750238579407582E-5)
(2715,3.750238579407582E-5)
(4415,3.750238579407582E-5)
(7615,3.750238579407582E-5)
(9015,3.750238579407582E-5)
(3015,3.750238579407582E-5)
(1915,3.750238579407582E-5)
(8715,3.750238579407582E-5)
(7215,3.750238579407582E-5)
(5015,3.750238579407582E-5)
(4315,3.750238579407582E-5)
(715,3.750238579407582E-5)
(3715,3.750238579407582E-5)
(7815,3.750238579407582E-5)
(4915,3.750238579407582E-5)
(6115,3.750238579407582E-5)
(7015,3.750238579407582E-5)
(8515,3.750238579407582E-5)
(1015,3.750238579407582E-5)
(815,3.750238579407582E-5)
(6015,3.750238579407582E-5)
(1315,3.750238579407582E-5)
(2315,3.750238579407582E-5)
(9315,3.750238579407582E-5)
(3115,3.750238579407582E-5)
(5915,3.750238579407582E-5)
(8215,3.750238579407582E-5)
(2815,3.750238579407582E-5)
(515,3.750238579407582E-5)
(6615,3.750238579407582E-5)
(3515,3.750238579407582E-5)
(6415,3.750238579407582E-5)
(7115,3.750238579407582E-5)
(1715,3.750238579407582E-5)
(7715,3.750238579407582E-5)
(2515,3.750238579407582E-5)
(5515,3.750238579407582E-5)
(4215,3.750238579407582E-5)
(1215,3.750238579407582E-5)
(7415,3.750238579407582E-5)
(6215,3.750238579407582E-5)
(8115,3.750238579407582E-5)
(4515,3.750238579407582E-5)
(3915,3.750238579407582E-5)
(4015,3.750238579407582E-5)
(8815,3.750238579407582E-5)
(3615,3.750238579407582E-5)
(1615,3.750238579407582E-5)
(5315,3.750238579407582E-5)
(2615,3.750238579407582E-5)
(5115,3.750238579407582E-5)
(5215,3.750238579407582E-5)
(5615,3.750238579407582E-5)
(6315,3.750238579407582E-5)
(5415,3.750238579407582E-5)
(5815,3.750238579407582E-5)
(4115,3.750238579407582E-5)
(5715,3.750238579407582E-5)
(8415,3.750238579407582E-5)
(4615,3.750238579407582E-5)
(7315,3.750238579407582E-5)
(9715,3.750238579407582E-5)
(915,3.750238579407582E-5)
(6515,3.750238579407582E-5)
(115,3.750238579407582E-5)
(15,3.750238579407582E-5)
(6715,3.750238579407582E-5)
(8015,3.750238579407582E-5)
(1815,3.750238579407582E-5)
(6815,3.750238579407582E-5)
(1115,3.750238579407582E-5)
(2015,3.750238579407582E-5)
(9915,3.750238579407582E-5)
(3415,3.750238579407582E-5)
(9115,3.750238579407582E-5)
(9815,3.750238579407582E-5)
(2915,3.750238579407582E-5)
(3815,3.750238579407582E-5)
(4715,3.750238579407582E-5)
(2115,3.750238579407582E-5)
(615,3.750238579407582E-5)
(315,3.750238579407582E-5)
