(3574,1.4095575144541193E-4)
(574,1.4095575144541193E-4)
(6374,1.4095575144541193E-4)
(4874,1.4095575144541193E-4)
(7774,1.4095575144541193E-4)
(474,1.4095575144541193E-4)
(2774,1.4095575144541193E-4)
(3274,1.4095575144541193E-4)
(2374,1.4095575144541193E-4)
(4374,1.4095575144541193E-4)
(1074,1.4095575144541193E-4)
(7274,1.4095575144541193E-4)
(3874,1.4095575144541193E-4)
(8974,1.4095575144541193E-4)
(8074,1.4095575144541193E-4)
(6574,1.4095575144541193E-4)
(7574,1.4095575144541193E-4)
(4074,1.4095575144541193E-4)
(3774,1.4095575144541193E-4)
(3174,1.4095575144541193E-4)
(5974,1.4095575144541193E-4)
(74,1.4095575144541193E-4)
(9674,1.4095575144541193E-4)
(8574,1.4095575144541193E-4)
(6174,1.4095575144541193E-4)
(6774,1.4095575144541193E-4)
(5874,1.4095575144541193E-4)
(874,1.4095575144541193E-4)
(2074,1.4095575144541193E-4)
(1174,1.4095575144541193E-4)
(7474,1.4095575144541193E-4)
(7074,1.4095575144541193E-4)
(4574,1.4095575144541193E-4)
(1274,1.4095575144541193E-4)
(6274,1.4095575144541193E-4)
(1974,1.4095575144541193E-4)
(9974,1.4095575144541193E-4)
(974,1.4095575144541193E-4)
(1874,1.4095575144541193E-4)
(2274,1.4095575144541193E-4)
(9274,1.4095575144541193E-4)
(4974,1.4095575144541193E-4)
(5074,1.4095575144541193E-4)
(3074,1.4095575144541193E-4)
(9074,1.4095575144541193E-4)
(674,1.4095575144541193E-4)
(4274,1.4095575144541193E-4)
(5274,1.4095575144541193E-4)
(5374,1.4095575144541193E-4)
(2874,1.4095575144541193E-4)
(9374,1.4095575144541193E-4)
(3374,1.4095575144541193E-4)
(5674,1.4095575144541193E-4)
(5574,1.4095575144541193E-4)
(8274,1.4095575144541193E-4)
(5174,1.4095575144541193E-4)
(8774,1.4095575144541193E-4)
(9874,1.4095575144541193E-4)
(8374,1.4095575144541193E-4)
(5774,1.4095575144541193E-4)
(2574,1.4095575144541193E-4)
(7674,1.4095575144541193E-4)
(7874,1.4095575144541193E-4)
(7974,1.4095575144541193E-4)
(4674,1.4095575144541193E-4)
(1474,1.4095575144541193E-4)
(6874,1.4095575144541193E-4)
(9774,1.4095575144541193E-4)
(2174,1.4095575144541193E-4)
(2974,1.4095575144541193E-4)
(3974,1.4095575144541193E-4)
(4774,1.4095575144541193E-4)
(7174,1.4095575144541193E-4)
(274,1.4095575144541193E-4)
(3674,1.4095575144541193E-4)
(9174,1.4095575144541193E-4)
(4474,1.4095575144541193E-4)
(6074,1.4095575144541193E-4)
(5474,1.4095575144541193E-4)
(374,1.4095575144541193E-4)
(6674,1.4095575144541193E-4)
(774,1.4095575144541193E-4)
(2474,1.4095575144541193E-4)
(8474,1.4095575144541193E-4)
(6474,1.4095575144541193E-4)
(8674,1.4095575144541193E-4)
(9474,1.4095575144541193E-4)
(2674,1.4095575144541193E-4)
(4174,1.4095575144541193E-4)
(1374,1.4095575144541193E-4)
(9574,1.4095575144541193E-4)
(6974,1.4095575144541193E-4)
(1574,1.4095575144541193E-4)
(1774,1.4095575144541193E-4)
(3474,1.4095575144541193E-4)
(8874,1.4095575144541193E-4)
(174,1.4095575144541193E-4)
(8174,1.4095575144541193E-4)
(1674,1.4095575144541193E-4)
(7374,1.4095575144541193E-4)
