(4571,1.370309952854292E-4)
(8171,1.370309952854292E-4)
(8571,1.370309952854292E-4)
(3371,1.370309952854292E-4)
(71,1.370309952854292E-4)
(4671,1.370309952854292E-4)
(3871,1.370309952854292E-4)
(7271,1.370309952854292E-4)
(8471,1.370309952854292E-4)
(6271,1.370309952854292E-4)
(5371,1.370309952854292E-4)
(1371,1.370309952854292E-4)
(6471,1.370309952854292E-4)
(9471,1.370309952854292E-4)
(8971,1.370309952854292E-4)
(171,1.370309952854292E-4)
(1171,1.370309952854292E-4)
(2871,1.370309952854292E-4)
(1771,1.370309952854292E-4)
(4171,1.370309952854292E-4)
(1471,1.370309952854292E-4)
(5771,1.370309952854292E-4)
(7071,1.370309952854292E-4)
(9971,1.370309952854292E-4)
(5571,1.370309952854292E-4)
(3271,1.370309952854292E-4)
(1871,1.370309952854292E-4)
(9071,1.370309952854292E-4)
(2171,1.370309952854292E-4)
(4971,1.370309952854292E-4)
(7371,1.370309952854292E-4)
(2371,1.370309952854292E-4)
(8071,1.370309952854292E-4)
(2071,1.370309952854292E-4)
(6371,1.370309952854292E-4)
(4871,1.370309952854292E-4)
(2671,1.370309952854292E-4)
(2471,1.370309952854292E-4)
(8371,1.370309952854292E-4)
(4071,1.370309952854292E-4)
(971,1.370309952854292E-4)
(1971,1.370309952854292E-4)
(5971,1.370309952854292E-4)
(8671,1.370309952854292E-4)
(471,1.370309952854292E-4)
(3171,1.370309952854292E-4)
(871,1.370309952854292E-4)
(9271,1.370309952854292E-4)
(271,1.370309952854292E-4)
(9771,1.370309952854292E-4)
(5671,1.370309952854292E-4)
(1571,1.370309952854292E-4)
(5171,1.370309952854292E-4)
(7771,1.370309952854292E-4)
(9571,1.370309952854292E-4)
(3771,1.370309952854292E-4)
(6871,1.370309952854292E-4)
(5471,1.370309952854292E-4)
(5271,1.370309952854292E-4)
(4271,1.370309952854292E-4)
(1071,1.370309952854292E-4)
(8271,1.370309952854292E-4)
(771,1.370309952854292E-4)
(4771,1.370309952854292E-4)
(6971,1.370309952854292E-4)
(1671,1.370309952854292E-4)
(6571,1.370309952854292E-4)
(671,1.370309952854292E-4)
(5071,1.370309952854292E-4)
(3971,1.370309952854292E-4)
(6071,1.370309952854292E-4)
(9171,1.370309952854292E-4)
(5871,1.370309952854292E-4)
(6671,1.370309952854292E-4)
(9871,1.370309952854292E-4)
(9371,1.370309952854292E-4)
(8771,1.370309952854292E-4)
(4371,1.370309952854292E-4)
(2571,1.370309952854292E-4)
(7171,1.370309952854292E-4)
(7571,1.370309952854292E-4)
(8871,1.370309952854292E-4)
(7871,1.370309952854292E-4)
(371,1.370309952854292E-4)
(3571,1.370309952854292E-4)
(2271,1.370309952854292E-4)
(3071,1.370309952854292E-4)
(571,1.370309952854292E-4)
(7671,1.370309952854292E-4)
(7971,1.370309952854292E-4)
(6171,1.370309952854292E-4)
(2971,1.370309952854292E-4)
(7471,1.370309952854292E-4)
(2771,1.370309952854292E-4)
(3671,1.370309952854292E-4)
(6771,1.370309952854292E-4)
(3471,1.370309952854292E-4)
(4471,1.370309952854292E-4)
(9671,1.370309952854292E-4)
(1271,1.370309952854292E-4)
