(6343,9.415459120225425E-5)
(6543,9.415459120225425E-5)
(9043,9.415459120225425E-5)
(7343,9.415459120225425E-5)
(4743,9.415459120225425E-5)
(9843,9.415459120225425E-5)
(7843,9.415459120225425E-5)
(6443,9.415459120225425E-5)
(8343,9.415459120225425E-5)
(8743,9.415459120225425E-5)
(2643,9.415459120225425E-5)
(5343,9.415459120225425E-5)
(5643,9.415459120225425E-5)
(7443,9.415459120225425E-5)
(5843,9.415459120225425E-5)
(3843,9.415459120225425E-5)
(5543,9.415459120225425E-5)
(8043,9.415459120225425E-5)
(5143,9.415459120225425E-5)
(8943,9.415459120225425E-5)
(743,9.415459120225425E-5)
(4843,9.415459120225425E-5)
(543,9.415459120225425E-5)
(8143,9.415459120225425E-5)
(443,9.415459120225425E-5)
(1543,9.415459120225425E-5)
(4543,9.415459120225425E-5)
(4643,9.415459120225425E-5)
(6043,9.415459120225425E-5)
(2443,9.415459120225425E-5)
(9343,9.415459120225425E-5)
(9743,9.415459120225425E-5)
(643,9.415459120225425E-5)
(2343,9.415459120225425E-5)
(2943,9.415459120225425E-5)
(7743,9.415459120225425E-5)
(343,9.415459120225425E-5)
(9943,9.415459120225425E-5)
(943,9.415459120225425E-5)
(5243,9.415459120225425E-5)
(6943,9.415459120225425E-5)
(1243,9.415459120225425E-5)
(3743,9.415459120225425E-5)
(3143,9.415459120225425E-5)
(1643,9.415459120225425E-5)
(8243,9.415459120225425E-5)
(9143,9.415459120225425E-5)
(2843,9.415459120225425E-5)
(4043,9.415459120225425E-5)
(7043,9.415459120225425E-5)
(3643,9.415459120225425E-5)
(2243,9.415459120225425E-5)
(1743,9.415459120225425E-5)
(2743,9.415459120225425E-5)
(8843,9.415459120225425E-5)
(2143,9.415459120225425E-5)
(4143,9.415459120225425E-5)
(5943,9.415459120225425E-5)
(1943,9.415459120225425E-5)
(9543,9.415459120225425E-5)
(1343,9.415459120225425E-5)
(7243,9.415459120225425E-5)
(7543,9.415459120225425E-5)
(843,9.415459120225425E-5)
(5043,9.415459120225425E-5)
(7643,9.415459120225425E-5)
(6743,9.415459120225425E-5)
(8543,9.415459120225425E-5)
(3043,9.415459120225425E-5)
(43,9.415459120225425E-5)
(4243,9.415459120225425E-5)
(7143,9.415459120225425E-5)
(2543,9.415459120225425E-5)
(2043,9.415459120225425E-5)
(243,9.415459120225425E-5)
(6243,9.415459120225425E-5)
(1843,9.415459120225425E-5)
(9643,9.415459120225425E-5)
(6643,9.415459120225425E-5)
(1443,9.415459120225425E-5)
(9243,9.415459120225425E-5)
(9443,9.415459120225425E-5)
(4443,9.415459120225425E-5)
(3343,9.415459120225425E-5)
(1043,9.415459120225425E-5)
(3543,9.415459120225425E-5)
(8443,9.415459120225425E-5)
(7943,9.415459120225425E-5)
(1143,9.415459120225425E-5)
(3243,9.415459120225425E-5)
(6843,9.415459120225425E-5)
(143,9.415459120225425E-5)
(5443,9.415459120225425E-5)
(4943,9.415459120225425E-5)
(5743,9.415459120225425E-5)
(3943,9.415459120225425E-5)
(6143,9.415459120225425E-5)
(8643,9.415459120225425E-5)
(3443,9.415459120225425E-5)
(4343,9.415459120225425E-5)
