(1503,7.954817460654869E-6)
(9803,7.954817460654869E-6)
(5003,7.954817460654869E-6)
(8303,7.954817460654869E-6)
(4803,7.954817460654869E-6)
(6403,7.954817460654869E-6)
(7203,7.954817460654869E-6)
(4703,7.954817460654869E-6)
(2303,7.954817460654869E-6)
(1403,7.954817460654869E-6)
(9603,7.954817460654869E-6)
(303,7.954817460654869E-6)
(5403,7.954817460654869E-6)
(703,7.954817460654869E-6)
(9903,7.954817460654869E-6)
(8903,7.954817460654869E-6)
(1603,7.954817460654869E-6)
(6203,7.954817460654869E-6)
(2703,7.954817460654869E-6)
(5803,7.954817460654869E-6)
(3703,7.954817460654869E-6)
(203,7.954817460654869E-6)
(103,7.954817460654869E-6)
(8503,7.954817460654869E-6)
(8403,7.954817460654869E-6)
(1203,7.954817460654869E-6)
(4003,7.954817460654869E-6)
(403,7.954817460654869E-6)
(7303,7.954817460654869E-6)
(3303,7.954817460654869E-6)
(4903,7.954817460654869E-6)
(1003,7.954817460654869E-6)
(4603,7.954817460654869E-6)
(5103,7.954817460654869E-6)
(6803,7.954817460654869E-6)
(8003,7.954817460654869E-6)
(5303,7.954817460654869E-6)
(2603,7.954817460654869E-6)
(503,7.954817460654869E-6)
(3903,7.954817460654869E-6)
(6503,7.954817460654869E-6)
(4403,7.954817460654869E-6)
(6303,7.954817460654869E-6)
(7503,7.954817460654869E-6)
(8103,7.954817460654869E-6)
(3,7.954817460654869E-6)
(9403,7.954817460654869E-6)
(8703,7.954817460654869E-6)
(9703,7.954817460654869E-6)
(9103,7.954817460654869E-6)
(9003,7.954817460654869E-6)
(7603,7.954817460654869E-6)
(5903,7.954817460654869E-6)
(603,7.954817460654869E-6)
(7403,7.954817460654869E-6)
(9203,7.954817460654869E-6)
(9303,7.954817460654869E-6)
(2503,7.954817460654869E-6)
(2803,7.954817460654869E-6)
(7103,7.954817460654869E-6)
(4303,7.954817460654869E-6)
(3403,7.954817460654869E-6)
(6703,7.954817460654869E-6)
(2403,7.954817460654869E-6)
(1703,7.954817460654869E-6)
(5703,7.954817460654869E-6)
(1903,7.954817460654869E-6)
(6903,7.954817460654869E-6)
(7003,7.954817460654869E-6)
(6103,7.954817460654869E-6)
(4103,7.954817460654869E-6)
(4203,7.954817460654869E-6)
(903,7.954817460654869E-6)
(1103,7.954817460654869E-6)
(9503,7.954817460654869E-6)
(3103,7.954817460654869E-6)
(6003,7.954817460654869E-6)
(2203,7.954817460654869E-6)
(803,7.954817460654869E-6)
(2003,7.954817460654869E-6)
(2903,7.954817460654869E-6)
(3803,7.954817460654869E-6)
(3003,7.954817460654869E-6)
(4503,7.954817460654869E-6)
(8803,7.954817460654869E-6)
(2103,7.954817460654869E-6)
(8603,7.954817460654869E-6)
(7903,7.954817460654869E-6)
(6603,7.954817460654869E-6)
(3503,7.954817460654869E-6)
(1803,7.954817460654869E-6)
(8203,7.954817460654869E-6)
(7703,7.954817460654869E-6)
(3203,7.954817460654869E-6)
(1303,7.954817460654869E-6)
(5603,7.954817460654869E-6)
(3603,7.954817460654869E-6)
(5203,7.954817460654869E-6)
(7803,7.954817460654869E-6)
(5503,7.954817460654869E-6)
