(1835,7.954473412471772E-5)
(4235,7.954473412471772E-5)
(5535,7.954473412471772E-5)
(4035,7.954473412471772E-5)
(635,7.954473412471772E-5)
(7935,7.954473412471772E-5)
(7735,7.954473412471772E-5)
(7135,7.954473412471772E-5)
(35,7.954473412471772E-5)
(5335,7.954473412471772E-5)
(235,7.954473412471772E-5)
(6635,7.954473412471772E-5)
(3435,7.954473412471772E-5)
(9835,7.954473412471772E-5)
(2835,7.954473412471772E-5)
(535,7.954473412471772E-5)
(3935,7.954473412471772E-5)
(1535,7.954473412471772E-5)
(2335,7.954473412471772E-5)
(4135,7.954473412471772E-5)
(8335,7.954473412471772E-5)
(6335,7.954473412471772E-5)
(8535,7.954473412471772E-5)
(9435,7.954473412471772E-5)
(9335,7.954473412471772E-5)
(2035,7.954473412471772E-5)
(9135,7.954473412471772E-5)
(8235,7.954473412471772E-5)
(8935,7.954473412471772E-5)
(5635,7.954473412471772E-5)
(1235,7.954473412471772E-5)
(4935,7.954473412471772E-5)
(5135,7.954473412471772E-5)
(5035,7.954473412471772E-5)
(135,7.954473412471772E-5)
(7535,7.954473412471772E-5)
(935,7.954473412471772E-5)
(5235,7.954473412471772E-5)
(6035,7.954473412471772E-5)
(6735,7.954473412471772E-5)
(4835,7.954473412471772E-5)
(7435,7.954473412471772E-5)
(9635,7.954473412471772E-5)
(9935,7.954473412471772E-5)
(4535,7.954473412471772E-5)
(2935,7.954473412471772E-5)
(1635,7.954473412471772E-5)
(4435,7.954473412471772E-5)
(1935,7.954473412471772E-5)
(6235,7.954473412471772E-5)
(835,7.954473412471772E-5)
(3335,7.954473412471772E-5)
(7235,7.954473412471772E-5)
(9035,7.954473412471772E-5)
(9535,7.954473412471772E-5)
(2235,7.954473412471772E-5)
(3835,7.954473412471772E-5)
(9735,7.954473412471772E-5)
(1735,7.954473412471772E-5)
(3235,7.954473412471772E-5)
(1335,7.954473412471772E-5)
(7035,7.954473412471772E-5)
(2635,7.954473412471772E-5)
(7635,7.954473412471772E-5)
(3735,7.954473412471772E-5)
(4335,7.954473412471772E-5)
(435,7.954473412471772E-5)
(735,7.954473412471772E-5)
(1435,7.954473412471772E-5)
(1135,7.954473412471772E-5)
(4735,7.954473412471772E-5)
(8635,7.954473412471772E-5)
(4635,7.954473412471772E-5)
(3535,7.954473412471772E-5)
(5835,7.954473412471772E-5)
(6435,7.954473412471772E-5)
(7835,7.954473412471772E-5)
(2135,7.954473412471772E-5)
(6135,7.954473412471772E-5)
(3035,7.954473412471772E-5)
(2435,7.954473412471772E-5)
(9235,7.954473412471772E-5)
(6935,7.954473412471772E-5)
(8035,7.954473412471772E-5)
(5435,7.954473412471772E-5)
(2735,7.954473412471772E-5)
(6835,7.954473412471772E-5)
(5935,7.954473412471772E-5)
(335,7.954473412471772E-5)
(8435,7.954473412471772E-5)
(2535,7.954473412471772E-5)
(8835,7.954473412471772E-5)
(3135,7.954473412471772E-5)
(5735,7.954473412471772E-5)
(1035,7.954473412471772E-5)
(3635,7.954473412471772E-5)
(8735,7.954473412471772E-5)
(7335,7.954473412471772E-5)
(6535,7.954473412471772E-5)
(8135,7.954473412471772E-5)
