(7358,1.1860239347881815E-4)
(7558,1.1860239347881815E-4)
(7058,1.1860239347881815E-4)
(2258,1.1860239347881815E-4)
(4558,1.1860239347881815E-4)
(5158,1.1860239347881815E-4)
(5858,1.1860239347881815E-4)
(458,1.1860239347881815E-4)
(8958,1.1860239347881815E-4)
(2958,1.1860239347881815E-4)
(1358,1.1860239347881815E-4)
(2858,1.1860239347881815E-4)
(8558,1.1860239347881815E-4)
(1858,1.1860239347881815E-4)
(4058,1.1860239347881815E-4)
(1658,1.1860239347881815E-4)
(9558,1.1860239347881815E-4)
(2358,1.1860239347881815E-4)
(4358,1.1860239347881815E-4)
(1258,1.1860239347881815E-4)
(1458,1.1860239347881815E-4)
(3258,1.1860239347881815E-4)
(4258,1.1860239347881815E-4)
(4758,1.1860239347881815E-4)
(9658,1.1860239347881815E-4)
(9958,1.1860239347881815E-4)
(8258,1.1860239347881815E-4)
(9058,1.1860239347881815E-4)
(2158,1.1860239347881815E-4)
(5558,1.1860239347881815E-4)
(5958,1.1860239347881815E-4)
(758,1.1860239347881815E-4)
(1058,1.1860239347881815E-4)
(7658,1.1860239347881815E-4)
(8758,1.1860239347881815E-4)
(9458,1.1860239347881815E-4)
(7858,1.1860239347881815E-4)
(7258,1.1860239347881815E-4)
(7958,1.1860239347881815E-4)
(6758,1.1860239347881815E-4)
(558,1.1860239347881815E-4)
(3358,1.1860239347881815E-4)
(3458,1.1860239347881815E-4)
(6158,1.1860239347881815E-4)
(858,1.1860239347881815E-4)
(8858,1.1860239347881815E-4)
(1958,1.1860239347881815E-4)
(58,1.1860239347881815E-4)
(658,1.1860239347881815E-4)
(6058,1.1860239347881815E-4)
(6658,1.1860239347881815E-4)
(5758,1.1860239347881815E-4)
(8358,1.1860239347881815E-4)
(1158,1.1860239347881815E-4)
(3858,1.1860239347881815E-4)
(7758,1.1860239347881815E-4)
(9158,1.1860239347881815E-4)
(8158,1.1860239347881815E-4)
(9858,1.1860239347881815E-4)
(158,1.1860239347881815E-4)
(4458,1.1860239347881815E-4)
(4658,1.1860239347881815E-4)
(7158,1.1860239347881815E-4)
(958,1.1860239347881815E-4)
(4158,1.1860239347881815E-4)
(358,1.1860239347881815E-4)
(1558,1.1860239347881815E-4)
(3158,1.1860239347881815E-4)
(3658,1.1860239347881815E-4)
(5058,1.1860239347881815E-4)
(2558,1.1860239347881815E-4)
(5258,1.1860239347881815E-4)
(2758,1.1860239347881815E-4)
(6558,1.1860239347881815E-4)
(9358,1.1860239347881815E-4)
(9258,1.1860239347881815E-4)
(3958,1.1860239347881815E-4)
(7458,1.1860239347881815E-4)
(4958,1.1860239347881815E-4)
(3058,1.1860239347881815E-4)
(6858,1.1860239347881815E-4)
(8458,1.1860239347881815E-4)
(3758,1.1860239347881815E-4)
(2058,1.1860239347881815E-4)
(5458,1.1860239347881815E-4)
(1758,1.1860239347881815E-4)
(8058,1.1860239347881815E-4)
(5658,1.1860239347881815E-4)
(6258,1.1860239347881815E-4)
(9758,1.1860239347881815E-4)
(6458,1.1860239347881815E-4)
(5358,1.1860239347881815E-4)
(6358,1.1860239347881815E-4)
(4858,1.1860239347881815E-4)
(258,1.1860239347881815E-4)
(2658,1.1860239347881815E-4)
(2458,1.1860239347881815E-4)
(8658,1.1860239347881815E-4)
(3558,1.1860239347881815E-4)
(6958,1.1860239347881815E-4)
