(9082,1.5086663537348604E-4)
(7082,1.5086663537348604E-4)
(2782,1.5086663537348604E-4)
(2382,1.5086663537348604E-4)
(6182,1.5086663537348604E-4)
(582,1.5086663537348604E-4)
(6082,1.5086663537348604E-4)
(2582,1.5086663537348604E-4)
(8782,1.5086663537348604E-4)
(5082,1.5086663537348604E-4)
(682,1.5086663537348604E-4)
(1682,1.5086663537348604E-4)
(7682,1.5086663537348604E-4)
(8082,1.5086663537348604E-4)
(8982,1.5086663537348604E-4)
(7782,1.5086663537348604E-4)
(3082,1.5086663537348604E-4)
(3382,1.5086663537348604E-4)
(9582,1.5086663537348604E-4)
(482,1.5086663537348604E-4)
(1282,1.5086663537348604E-4)
(9682,1.5086663537348604E-4)
(1882,1.5086663537348604E-4)
(8582,1.5086663537348604E-4)
(4582,1.5086663537348604E-4)
(8882,1.5086663537348604E-4)
(8182,1.5086663537348604E-4)
(6582,1.5086663537348604E-4)
(3282,1.5086663537348604E-4)
(4082,1.5086663537348604E-4)
(2882,1.5086663537348604E-4)
(1182,1.5086663537348604E-4)
(6282,1.5086663537348604E-4)
(4382,1.5086663537348604E-4)
(3182,1.5086663537348604E-4)
(1782,1.5086663537348604E-4)
(4882,1.5086663537348604E-4)
(6682,1.5086663537348604E-4)
(282,1.5086663537348604E-4)
(8382,1.5086663537348604E-4)
(982,1.5086663537348604E-4)
(7382,1.5086663537348604E-4)
(9482,1.5086663537348604E-4)
(6782,1.5086663537348604E-4)
(4782,1.5086663537348604E-4)
(1982,1.5086663537348604E-4)
(82,1.5086663537348604E-4)
(6482,1.5086663537348604E-4)
(4182,1.5086663537348604E-4)
(6882,1.5086663537348604E-4)
(5482,1.5086663537348604E-4)
(1082,1.5086663537348604E-4)
(7482,1.5086663537348604E-4)
(9782,1.5086663537348604E-4)
(9182,1.5086663537348604E-4)
(9982,1.5086663537348604E-4)
(3782,1.5086663537348604E-4)
(2982,1.5086663537348604E-4)
(1382,1.5086663537348604E-4)
(7282,1.5086663537348604E-4)
(8682,1.5086663537348604E-4)
(5582,1.5086663537348604E-4)
(5182,1.5086663537348604E-4)
(4482,1.5086663537348604E-4)
(5882,1.5086663537348604E-4)
(7182,1.5086663537348604E-4)
(2182,1.5086663537348604E-4)
(2482,1.5086663537348604E-4)
(782,1.5086663537348604E-4)
(2682,1.5086663537348604E-4)
(2082,1.5086663537348604E-4)
(3882,1.5086663537348604E-4)
(9382,1.5086663537348604E-4)
(8282,1.5086663537348604E-4)
(6982,1.5086663537348604E-4)
(182,1.5086663537348604E-4)
(3582,1.5086663537348604E-4)
(1482,1.5086663537348604E-4)
(3482,1.5086663537348604E-4)
(4982,1.5086663537348604E-4)
(5282,1.5086663537348604E-4)
(7982,1.5086663537348604E-4)
(4282,1.5086663537348604E-4)
(5782,1.5086663537348604E-4)
(3982,1.5086663537348604E-4)
(5382,1.5086663537348604E-4)
(9282,1.5086663537348604E-4)
(5982,1.5086663537348604E-4)
(882,1.5086663537348604E-4)
(382,1.5086663537348604E-4)
(1582,1.5086663537348604E-4)
(7582,1.5086663537348604E-4)
(7882,1.5086663537348604E-4)
(5682,1.5086663537348604E-4)
(6382,1.5086663537348604E-4)
(8482,1.5086663537348604E-4)
(9882,1.5086663537348604E-4)
(4682,1.5086663537348604E-4)
(3682,1.5086663537348604E-4)
(2282,1.5086663537348604E-4)
