(7913,3.281950795139947E-5)
(5513,3.281950795139947E-5)
(2313,3.281950795139947E-5)
(5613,3.281950795139947E-5)
(5213,3.281950795139947E-5)
(513,3.281950795139947E-5)
(9013,3.281950795139947E-5)
(6213,3.281950795139947E-5)
(3113,3.281950795139947E-5)
(9313,3.281950795139947E-5)
(8813,3.281950795139947E-5)
(913,3.281950795139947E-5)
(5813,3.281950795139947E-5)
(9813,3.281950795139947E-5)
(2013,3.281950795139947E-5)
(6913,3.281950795139947E-5)
(4813,3.281950795139947E-5)
(9913,3.281950795139947E-5)
(5413,3.281950795139947E-5)
(1813,3.281950795139947E-5)
(8213,3.281950795139947E-5)
(9213,3.281950795139947E-5)
(1013,3.281950795139947E-5)
(2913,3.281950795139947E-5)
(713,3.281950795139947E-5)
(8713,3.281950795139947E-5)
(4313,3.281950795139947E-5)
(5113,3.281950795139947E-5)
(8913,3.281950795139947E-5)
(2613,3.281950795139947E-5)
(2813,3.281950795139947E-5)
(5713,3.281950795139947E-5)
(6113,3.281950795139947E-5)
(613,3.281950795139947E-5)
(7613,3.281950795139947E-5)
(1213,3.281950795139947E-5)
(213,3.281950795139947E-5)
(2713,3.281950795139947E-5)
(4413,3.281950795139947E-5)
(1613,3.281950795139947E-5)
(6713,3.281950795139947E-5)
(113,3.281950795139947E-5)
(8113,3.281950795139947E-5)
(6513,3.281950795139947E-5)
(2213,3.281950795139947E-5)
(6613,3.281950795139947E-5)
(1313,3.281950795139947E-5)
(3813,3.281950795139947E-5)
(6013,3.281950795139947E-5)
(3613,3.281950795139947E-5)
(1713,3.281950795139947E-5)
(9613,3.281950795139947E-5)
(5313,3.281950795139947E-5)
(13,3.281950795139947E-5)
(413,3.281950795139947E-5)
(4513,3.281950795139947E-5)
(3213,3.281950795139947E-5)
(7213,3.281950795139947E-5)
(4913,3.281950795139947E-5)
(2113,3.281950795139947E-5)
(5913,3.281950795139947E-5)
(7813,3.281950795139947E-5)
(6413,3.281950795139947E-5)
(4013,3.281950795139947E-5)
(3513,3.281950795139947E-5)
(1413,3.281950795139947E-5)
(8513,3.281950795139947E-5)
(3913,3.281950795139947E-5)
(8413,3.281950795139947E-5)
(313,3.281950795139947E-5)
(8013,3.281950795139947E-5)
(1913,3.281950795139947E-5)
(6813,3.281950795139947E-5)
(3313,3.281950795139947E-5)
(8313,3.281950795139947E-5)
(9413,3.281950795139947E-5)
(2413,3.281950795139947E-5)
(9513,3.281950795139947E-5)
(7113,3.281950795139947E-5)
(7313,3.281950795139947E-5)
(4113,3.281950795139947E-5)
(8613,3.281950795139947E-5)
(6313,3.281950795139947E-5)
(7713,3.281950795139947E-5)
(4713,3.281950795139947E-5)
(2513,3.281950795139947E-5)
(1513,3.281950795139947E-5)
(3013,3.281950795139947E-5)
(7013,3.281950795139947E-5)
(9113,3.281950795139947E-5)
(7413,3.281950795139947E-5)
(5013,3.281950795139947E-5)
(4213,3.281950795139947E-5)
(813,3.281950795139947E-5)
(3413,3.281950795139947E-5)
(9713,3.281950795139947E-5)
(3713,3.281950795139947E-5)
(4613,3.281950795139947E-5)
(1113,3.281950795139947E-5)
(7513,3.281950795139947E-5)
