(4148,1.027124907958582E-4)
(7748,1.027124907958582E-4)
(9248,1.027124907958582E-4)
(6248,1.027124907958582E-4)
(2348,1.027124907958582E-4)
(4848,1.027124907958582E-4)
(8048,1.027124907958582E-4)
(7848,1.027124907958582E-4)
(7148,1.027124907958582E-4)
(9548,1.027124907958582E-4)
(1048,1.027124907958582E-4)
(1448,1.027124907958582E-4)
(2248,1.027124907958582E-4)
(5448,1.027124907958582E-4)
(8948,1.027124907958582E-4)
(3048,1.027124907958582E-4)
(6148,1.027124907958582E-4)
(6748,1.027124907958582E-4)
(2848,1.027124907958582E-4)
(4648,1.027124907958582E-4)
(2548,1.027124907958582E-4)
(2948,1.027124907958582E-4)
(8448,1.027124907958582E-4)
(9948,1.027124907958582E-4)
(1148,1.027124907958582E-4)
(7948,1.027124907958582E-4)
(8648,1.027124907958582E-4)
(3448,1.027124907958582E-4)
(5548,1.027124907958582E-4)
(7548,1.027124907958582E-4)
(9348,1.027124907958582E-4)
(3248,1.027124907958582E-4)
(5948,1.027124907958582E-4)
(4748,1.027124907958582E-4)
(548,1.027124907958582E-4)
(7448,1.027124907958582E-4)
(5248,1.027124907958582E-4)
(9148,1.027124907958582E-4)
(9448,1.027124907958582E-4)
(1548,1.027124907958582E-4)
(1348,1.027124907958582E-4)
(6648,1.027124907958582E-4)
(4348,1.027124907958582E-4)
(1748,1.027124907958582E-4)
(1848,1.027124907958582E-4)
(3548,1.027124907958582E-4)
(8548,1.027124907958582E-4)
(3648,1.027124907958582E-4)
(9748,1.027124907958582E-4)
(9048,1.027124907958582E-4)
(848,1.027124907958582E-4)
(7048,1.027124907958582E-4)
(3148,1.027124907958582E-4)
(7248,1.027124907958582E-4)
(7648,1.027124907958582E-4)
(648,1.027124907958582E-4)
(4248,1.027124907958582E-4)
(5648,1.027124907958582E-4)
(8848,1.027124907958582E-4)
(3348,1.027124907958582E-4)
(748,1.027124907958582E-4)
(5748,1.027124907958582E-4)
(248,1.027124907958582E-4)
(6948,1.027124907958582E-4)
(1648,1.027124907958582E-4)
(2448,1.027124907958582E-4)
(8748,1.027124907958582E-4)
(148,1.027124907958582E-4)
(2748,1.027124907958582E-4)
(8148,1.027124907958582E-4)
(7348,1.027124907958582E-4)
(8348,1.027124907958582E-4)
(3848,1.027124907958582E-4)
(9848,1.027124907958582E-4)
(1948,1.027124907958582E-4)
(4448,1.027124907958582E-4)
(2048,1.027124907958582E-4)
(5348,1.027124907958582E-4)
(8248,1.027124907958582E-4)
(48,1.027124907958582E-4)
(4548,1.027124907958582E-4)
(9648,1.027124907958582E-4)
(4048,1.027124907958582E-4)
(2148,1.027124907958582E-4)
(5148,1.027124907958582E-4)
(6548,1.027124907958582E-4)
(6848,1.027124907958582E-4)
(448,1.027124907958582E-4)
(948,1.027124907958582E-4)
(4948,1.027124907958582E-4)
(6048,1.027124907958582E-4)
(3948,1.027124907958582E-4)
(6448,1.027124907958582E-4)
(3748,1.027124907958582E-4)
(6348,1.027124907958582E-4)
(5048,1.027124907958582E-4)
(5848,1.027124907958582E-4)
(1248,1.027124907958582E-4)
(2648,1.027124907958582E-4)
(348,1.027124907958582E-4)
