(3318,4.43542636361665E-5)
(4018,4.43542636361665E-5)
(8018,4.43542636361665E-5)
(4118,4.43542636361665E-5)
(4718,4.43542636361665E-5)
(5218,4.43542636361665E-5)
(1518,4.43542636361665E-5)
(7318,4.43542636361665E-5)
(3018,4.43542636361665E-5)
(5618,4.43542636361665E-5)
(4318,4.43542636361665E-5)
(518,4.43542636361665E-5)
(1818,4.43542636361665E-5)
(5118,4.43542636361665E-5)
(2418,4.43542636361665E-5)
(1418,4.43542636361665E-5)
(1318,4.43542636361665E-5)
(5418,4.43542636361665E-5)
(6718,4.43542636361665E-5)
(418,4.43542636361665E-5)
(318,4.43542636361665E-5)
(6218,4.43542636361665E-5)
(18,4.43542636361665E-5)
(6518,4.43542636361665E-5)
(7718,4.43542636361665E-5)
(7918,4.43542636361665E-5)
(5018,4.43542636361665E-5)
(5518,4.43542636361665E-5)
(9218,4.43542636361665E-5)
(8218,4.43542636361665E-5)
(8518,4.43542636361665E-5)
(718,4.43542636361665E-5)
(3718,4.43542636361665E-5)
(1018,4.43542636361665E-5)
(3518,4.43542636361665E-5)
(1618,4.43542636361665E-5)
(6118,4.43542636361665E-5)
(2918,4.43542636361665E-5)
(1218,4.43542636361665E-5)
(8918,4.43542636361665E-5)
(3218,4.43542636361665E-5)
(7218,4.43542636361665E-5)
(2018,4.43542636361665E-5)
(6318,4.43542636361665E-5)
(118,4.43542636361665E-5)
(7518,4.43542636361665E-5)
(8818,4.43542636361665E-5)
(5918,4.43542636361665E-5)
(1118,4.43542636361665E-5)
(1718,4.43542636361665E-5)
(9118,4.43542636361665E-5)
(8718,4.43542636361665E-5)
(3818,4.43542636361665E-5)
(2718,4.43542636361665E-5)
(3118,4.43542636361665E-5)
(4818,4.43542636361665E-5)
(2818,4.43542636361665E-5)
(8618,4.43542636361665E-5)
(9518,4.43542636361665E-5)
(6418,4.43542636361665E-5)
(7618,4.43542636361665E-5)
(6818,4.43542636361665E-5)
(9318,4.43542636361665E-5)
(918,4.43542636361665E-5)
(5318,4.43542636361665E-5)
(2518,4.43542636361665E-5)
(4218,4.43542636361665E-5)
(6918,4.43542636361665E-5)
(8418,4.43542636361665E-5)
(9418,4.43542636361665E-5)
(4418,4.43542636361665E-5)
(5718,4.43542636361665E-5)
(2618,4.43542636361665E-5)
(3418,4.43542636361665E-5)
(3918,4.43542636361665E-5)
(218,4.43542636361665E-5)
(818,4.43542636361665E-5)
(9718,4.43542636361665E-5)
(2218,4.43542636361665E-5)
(4918,4.43542636361665E-5)
(7118,4.43542636361665E-5)
(7818,4.43542636361665E-5)
(7018,4.43542636361665E-5)
(2318,4.43542636361665E-5)
(9618,4.43542636361665E-5)
(1918,4.43542636361665E-5)
(4518,4.43542636361665E-5)
(5818,4.43542636361665E-5)
(6018,4.43542636361665E-5)
(2118,4.43542636361665E-5)
(7418,4.43542636361665E-5)
(9818,4.43542636361665E-5)
(8118,4.43542636361665E-5)
(8318,4.43542636361665E-5)
(9918,4.43542636361665E-5)
(4618,4.43542636361665E-5)
(9018,4.43542636361665E-5)
(618,4.43542636361665E-5)
(6618,4.43542636361665E-5)
(3618,4.43542636361665E-5)
