(7068,1.3298731508904285E-4)
(2968,1.3298731508904285E-4)
(6668,1.3298731508904285E-4)
(1868,1.3298731508904285E-4)
(8368,1.3298731508904285E-4)
(7768,1.3298731508904285E-4)
(9068,1.3298731508904285E-4)
(3468,1.3298731508904285E-4)
(3968,1.3298731508904285E-4)
(368,1.3298731508904285E-4)
(2668,1.3298731508904285E-4)
(5868,1.3298731508904285E-4)
(1268,1.3298731508904285E-4)
(9468,1.3298731508904285E-4)
(4768,1.3298731508904285E-4)
(868,1.3298731508904285E-4)
(8168,1.3298731508904285E-4)
(9268,1.3298731508904285E-4)
(9968,1.3298731508904285E-4)
(6268,1.3298731508904285E-4)
(6568,1.3298731508904285E-4)
(6468,1.3298731508904285E-4)
(268,1.3298731508904285E-4)
(4668,1.3298731508904285E-4)
(1568,1.3298731508904285E-4)
(2468,1.3298731508904285E-4)
(8668,1.3298731508904285E-4)
(8868,1.3298731508904285E-4)
(8068,1.3298731508904285E-4)
(8968,1.3298731508904285E-4)
(3268,1.3298731508904285E-4)
(2368,1.3298731508904285E-4)
(668,1.3298731508904285E-4)
(1168,1.3298731508904285E-4)
(568,1.3298731508904285E-4)
(2268,1.3298731508904285E-4)
(1668,1.3298731508904285E-4)
(9668,1.3298731508904285E-4)
(5968,1.3298731508904285E-4)
(4168,1.3298731508904285E-4)
(5368,1.3298731508904285E-4)
(9368,1.3298731508904285E-4)
(5568,1.3298731508904285E-4)
(9768,1.3298731508904285E-4)
(9868,1.3298731508904285E-4)
(2068,1.3298731508904285E-4)
(8268,1.3298731508904285E-4)
(6368,1.3298731508904285E-4)
(7368,1.3298731508904285E-4)
(5068,1.3298731508904285E-4)
(6168,1.3298731508904285E-4)
(5768,1.3298731508904285E-4)
(3668,1.3298731508904285E-4)
(7868,1.3298731508904285E-4)
(3068,1.3298731508904285E-4)
(5668,1.3298731508904285E-4)
(7668,1.3298731508904285E-4)
(1068,1.3298731508904285E-4)
(168,1.3298731508904285E-4)
(3168,1.3298731508904285E-4)
(3568,1.3298731508904285E-4)
(1768,1.3298731508904285E-4)
(3368,1.3298731508904285E-4)
(4968,1.3298731508904285E-4)
(5468,1.3298731508904285E-4)
(4868,1.3298731508904285E-4)
(8568,1.3298731508904285E-4)
(8768,1.3298731508904285E-4)
(7168,1.3298731508904285E-4)
(6868,1.3298731508904285E-4)
(7468,1.3298731508904285E-4)
(7968,1.3298731508904285E-4)
(4468,1.3298731508904285E-4)
(8468,1.3298731508904285E-4)
(3768,1.3298731508904285E-4)
(4068,1.3298731508904285E-4)
(5268,1.3298731508904285E-4)
(9568,1.3298731508904285E-4)
(2568,1.3298731508904285E-4)
(4368,1.3298731508904285E-4)
(968,1.3298731508904285E-4)
(1468,1.3298731508904285E-4)
(7268,1.3298731508904285E-4)
(4568,1.3298731508904285E-4)
(9168,1.3298731508904285E-4)
(2868,1.3298731508904285E-4)
(1968,1.3298731508904285E-4)
(6068,1.3298731508904285E-4)
(2768,1.3298731508904285E-4)
(468,1.3298731508904285E-4)
(4268,1.3298731508904285E-4)
(5168,1.3298731508904285E-4)
(1368,1.3298731508904285E-4)
(6968,1.3298731508904285E-4)
(768,1.3298731508904285E-4)
(2168,1.3298731508904285E-4)
(6768,1.3298731508904285E-4)
(7568,1.3298731508904285E-4)
(68,1.3298731508904285E-4)
(3868,1.3298731508904285E-4)
