(1410,2.5618115477304644E-5)
(4210,2.5618115477304644E-5)
(6810,2.5618115477304644E-5)
(8910,2.5618115477304644E-5)
(3010,2.5618115477304644E-5)
(5110,2.5618115477304644E-5)
(9110,2.5618115477304644E-5)
(910,2.5618115477304644E-5)
(510,2.5618115477304644E-5)
(9010,2.5618115477304644E-5)
(6410,2.5618115477304644E-5)
(4610,2.5618115477304644E-5)
(4810,2.5618115477304644E-5)
(7010,2.5618115477304644E-5)
(4310,2.5618115477304644E-5)
(2510,2.5618115477304644E-5)
(5310,2.5618115477304644E-5)
(3810,2.5618115477304644E-5)
(5010,2.5618115477304644E-5)
(7610,2.5618115477304644E-5)
(2310,2.5618115477304644E-5)
(7910,2.5618115477304644E-5)
(810,2.5618115477304644E-5)
(6910,2.5618115477304644E-5)
(4510,2.5618115477304644E-5)
(6210,2.5618115477304644E-5)
(2010,2.5618115477304644E-5)
(7310,2.5618115477304644E-5)
(3710,2.5618115477304644E-5)
(9210,2.5618115477304644E-5)
(3110,2.5618115477304644E-5)
(8710,2.5618115477304644E-5)
(8810,2.5618115477304644E-5)
(8510,2.5618115477304644E-5)
(1710,2.5618115477304644E-5)
(9410,2.5618115477304644E-5)
(9810,2.5618115477304644E-5)
(5910,2.5618115477304644E-5)
(5710,2.5618115477304644E-5)
(6010,2.5618115477304644E-5)
(9510,2.5618115477304644E-5)
(710,2.5618115477304644E-5)
(9710,2.5618115477304644E-5)
(1910,2.5618115477304644E-5)
(5610,2.5618115477304644E-5)
(8110,2.5618115477304644E-5)
(1310,2.5618115477304644E-5)
(2210,2.5618115477304644E-5)
(6510,2.5618115477304644E-5)
(2810,2.5618115477304644E-5)
(6110,2.5618115477304644E-5)
(8410,2.5618115477304644E-5)
(4710,2.5618115477304644E-5)
(3410,2.5618115477304644E-5)
(1510,2.5618115477304644E-5)
(2110,2.5618115477304644E-5)
(1010,2.5618115477304644E-5)
(3310,2.5618115477304644E-5)
(9910,2.5618115477304644E-5)
(610,2.5618115477304644E-5)
(4410,2.5618115477304644E-5)
(7510,2.5618115477304644E-5)
(3510,2.5618115477304644E-5)
(110,2.5618115477304644E-5)
(1810,2.5618115477304644E-5)
(7210,2.5618115477304644E-5)
(2610,2.5618115477304644E-5)
(9310,2.5618115477304644E-5)
(8010,2.5618115477304644E-5)
(2410,2.5618115477304644E-5)
(4110,2.5618115477304644E-5)
(3210,2.5618115477304644E-5)
(5210,2.5618115477304644E-5)
(10,2.5618115477304644E-5)
(6610,2.5618115477304644E-5)
(2710,2.5618115477304644E-5)
(9610,2.5618115477304644E-5)
(2910,2.5618115477304644E-5)
(1610,2.5618115477304644E-5)
(4910,2.5618115477304644E-5)
(5410,2.5618115477304644E-5)
(410,2.5618115477304644E-5)
(7110,2.5618115477304644E-5)
(310,2.5618115477304644E-5)
(7710,2.5618115477304644E-5)
(8210,2.5618115477304644E-5)
(3610,2.5618115477304644E-5)
(6710,2.5618115477304644E-5)
(210,2.5618115477304644E-5)
(8310,2.5618115477304644E-5)
(3910,2.5618115477304644E-5)
(6310,2.5618115477304644E-5)
(5510,2.5618115477304644E-5)
(7810,2.5618115477304644E-5)
(8610,2.5618115477304644E-5)
(1210,2.5618115477304644E-5)
(5810,2.5618115477304644E-5)
(7410,2.5618115477304644E-5)
(4010,2.5618115477304644E-5)
(1110,2.5618115477304644E-5)
