(1426,6.165678211481828E-5)
(2826,6.165678211481828E-5)
(526,6.165678211481828E-5)
(8326,6.165678211481828E-5)
(7826,6.165678211481828E-5)
(9026,6.165678211481828E-5)
(7726,6.165678211481828E-5)
(2526,6.165678211481828E-5)
(5726,6.165678211481828E-5)
(4926,6.165678211481828E-5)
(6726,6.165678211481828E-5)
(1826,6.165678211481828E-5)
(5126,6.165678211481828E-5)
(6426,6.165678211481828E-5)
(9226,6.165678211481828E-5)
(8026,6.165678211481828E-5)
(9926,6.165678211481828E-5)
(1626,6.165678211481828E-5)
(926,6.165678211481828E-5)
(9626,6.165678211481828E-5)
(9726,6.165678211481828E-5)
(226,6.165678211481828E-5)
(1226,6.165678211481828E-5)
(8526,6.165678211481828E-5)
(3726,6.165678211481828E-5)
(5626,6.165678211481828E-5)
(4526,6.165678211481828E-5)
(7026,6.165678211481828E-5)
(9326,6.165678211481828E-5)
(6226,6.165678211481828E-5)
(4726,6.165678211481828E-5)
(6826,6.165678211481828E-5)
(726,6.165678211481828E-5)
(5926,6.165678211481828E-5)
(9426,6.165678211481828E-5)
(1926,6.165678211481828E-5)
(3226,6.165678211481828E-5)
(9126,6.165678211481828E-5)
(6526,6.165678211481828E-5)
(6926,6.165678211481828E-5)
(3526,6.165678211481828E-5)
(126,6.165678211481828E-5)
(626,6.165678211481828E-5)
(3326,6.165678211481828E-5)
(5226,6.165678211481828E-5)
(7126,6.165678211481828E-5)
(2226,6.165678211481828E-5)
(26,6.165678211481828E-5)
(9526,6.165678211481828E-5)
(7226,6.165678211481828E-5)
(1026,6.165678211481828E-5)
(4226,6.165678211481828E-5)
(6126,6.165678211481828E-5)
(3426,6.165678211481828E-5)
(6326,6.165678211481828E-5)
(426,6.165678211481828E-5)
(7926,6.165678211481828E-5)
(3926,6.165678211481828E-5)
(3126,6.165678211481828E-5)
(7326,6.165678211481828E-5)
(2126,6.165678211481828E-5)
(2926,6.165678211481828E-5)
(6026,6.165678211481828E-5)
(8826,6.165678211481828E-5)
(4126,6.165678211481828E-5)
(7626,6.165678211481828E-5)
(9826,6.165678211481828E-5)
(7426,6.165678211481828E-5)
(1526,6.165678211481828E-5)
(3626,6.165678211481828E-5)
(8226,6.165678211481828E-5)
(8926,6.165678211481828E-5)
(4026,6.165678211481828E-5)
(1726,6.165678211481828E-5)
(2626,6.165678211481828E-5)
(2026,6.165678211481828E-5)
(5326,6.165678211481828E-5)
(326,6.165678211481828E-5)
(2726,6.165678211481828E-5)
(2426,6.165678211481828E-5)
(5426,6.165678211481828E-5)
(1126,6.165678211481828E-5)
(7526,6.165678211481828E-5)
(3026,6.165678211481828E-5)
(2326,6.165678211481828E-5)
(4426,6.165678211481828E-5)
(4826,6.165678211481828E-5)
(4626,6.165678211481828E-5)
(1326,6.165678211481828E-5)
(5026,6.165678211481828E-5)
(8426,6.165678211481828E-5)
(5526,6.165678211481828E-5)
(8126,6.165678211481828E-5)
(3826,6.165678211481828E-5)
(6626,6.165678211481828E-5)
(8626,6.165678211481828E-5)
(4326,6.165678211481828E-5)
(5826,6.165678211481828E-5)
(826,6.165678211481828E-5)
(8726,6.165678211481828E-5)
