(9690,1.600191704010321E-4)
(3190,1.600191704010321E-4)
(4590,1.600191704010321E-4)
(4890,1.600191704010321E-4)
(9490,1.600191704010321E-4)
(6090,1.600191704010321E-4)
(7090,1.600191704010321E-4)
(6290,1.600191704010321E-4)
(3790,1.600191704010321E-4)
(7990,1.600191704010321E-4)
(990,1.600191704010321E-4)
(9190,1.600191704010321E-4)
(7290,1.600191704010321E-4)
(5990,1.600191704010321E-4)
(7690,1.600191704010321E-4)
(8390,1.600191704010321E-4)
(390,1.600191704010321E-4)
(90,1.600191704010321E-4)
(4690,1.600191704010321E-4)
(7490,1.600191704010321E-4)
(3690,1.600191704010321E-4)
(6990,1.600191704010321E-4)
(5290,1.600191704010321E-4)
(2590,1.600191704010321E-4)
(4090,1.600191704010321E-4)
(5190,1.600191704010321E-4)
(9890,1.600191704010321E-4)
(5390,1.600191704010321E-4)
(5690,1.600191704010321E-4)
(7790,1.600191704010321E-4)
(2490,1.600191704010321E-4)
(6590,1.600191704010321E-4)
(8990,1.600191704010321E-4)
(9290,1.600191704010321E-4)
(5590,1.600191704010321E-4)
(7890,1.600191704010321E-4)
(3890,1.600191704010321E-4)
(890,1.600191704010321E-4)
(4290,1.600191704010321E-4)
(4390,1.600191704010321E-4)
(1390,1.600191704010321E-4)
(7590,1.600191704010321E-4)
(790,1.600191704010321E-4)
(1990,1.600191704010321E-4)
(1690,1.600191704010321E-4)
(190,1.600191704010321E-4)
(6690,1.600191704010321E-4)
(690,1.600191704010321E-4)
(4190,1.600191704010321E-4)
(5790,1.600191704010321E-4)
(8090,1.600191704010321E-4)
(590,1.600191704010321E-4)
(4490,1.600191704010321E-4)
(9790,1.600191704010321E-4)
(9990,1.600191704010321E-4)
(5090,1.600191704010321E-4)
(3090,1.600191704010321E-4)
(8290,1.600191704010321E-4)
(9390,1.600191704010321E-4)
(3390,1.600191704010321E-4)
(1190,1.600191704010321E-4)
(1590,1.600191704010321E-4)
(6490,1.600191704010321E-4)
(1790,1.600191704010321E-4)
(3590,1.600191704010321E-4)
(2290,1.600191704010321E-4)
(2090,1.600191704010321E-4)
(1890,1.600191704010321E-4)
(3990,1.600191704010321E-4)
(290,1.600191704010321E-4)
(6390,1.600191704010321E-4)
(6190,1.600191704010321E-4)
(3290,1.600191704010321E-4)
(8590,1.600191704010321E-4)
(5890,1.600191704010321E-4)
(4990,1.600191704010321E-4)
(1290,1.600191704010321E-4)
(2190,1.600191704010321E-4)
(2790,1.600191704010321E-4)
(2890,1.600191704010321E-4)
(3490,1.600191704010321E-4)
(2390,1.600191704010321E-4)
(8490,1.600191704010321E-4)
(6790,1.600191704010321E-4)
(9590,1.600191704010321E-4)
(2990,1.600191704010321E-4)
(1090,1.600191704010321E-4)
(7190,1.600191704010321E-4)
(2690,1.600191704010321E-4)
(9090,1.600191704010321E-4)
(490,1.600191704010321E-4)
(1490,1.600191704010321E-4)
(8690,1.600191704010321E-4)
(7390,1.600191704010321E-4)
(5490,1.600191704010321E-4)
(8190,1.600191704010321E-4)
(8790,1.600191704010321E-4)
(8890,1.600191704010321E-4)
(6890,1.600191704010321E-4)
(4790,1.600191704010321E-4)
