(3880,1.4846237894735584E-4)
(9080,1.4846237894735584E-4)
(8580,1.4846237894735584E-4)
(4680,1.4846237894735584E-4)
(180,1.4846237894735584E-4)
(1080,1.4846237894735584E-4)
(3180,1.4846237894735584E-4)
(4080,1.4846237894735584E-4)
(2780,1.4846237894735584E-4)
(80,1.4846237894735584E-4)
(8880,1.4846237894735584E-4)
(3980,1.4846237894735584E-4)
(6280,1.4846237894735584E-4)
(9180,1.4846237894735584E-4)
(9380,1.4846237894735584E-4)
(1680,1.4846237894735584E-4)
(480,1.4846237894735584E-4)
(1880,1.4846237894735584E-4)
(8180,1.4846237894735584E-4)
(6180,1.4846237894735584E-4)
(7480,1.4846237894735584E-4)
(9880,1.4846237894735584E-4)
(8280,1.4846237894735584E-4)
(4780,1.4846237894735584E-4)
(2980,1.4846237894735584E-4)
(6780,1.4846237894735584E-4)
(4280,1.4846237894735584E-4)
(7280,1.4846237894735584E-4)
(3480,1.4846237894735584E-4)
(8480,1.4846237894735584E-4)
(7680,1.4846237894735584E-4)
(980,1.4846237894735584E-4)
(1580,1.4846237894735584E-4)
(1780,1.4846237894735584E-4)
(2480,1.4846237894735584E-4)
(3680,1.4846237894735584E-4)
(9680,1.4846237894735584E-4)
(1480,1.4846237894735584E-4)
(9980,1.4846237894735584E-4)
(2680,1.4846237894735584E-4)
(7380,1.4846237894735584E-4)
(8080,1.4846237894735584E-4)
(6880,1.4846237894735584E-4)
(6080,1.4846237894735584E-4)
(5680,1.4846237894735584E-4)
(5480,1.4846237894735584E-4)
(3280,1.4846237894735584E-4)
(9580,1.4846237894735584E-4)
(6680,1.4846237894735584E-4)
(1380,1.4846237894735584E-4)
(5380,1.4846237894735584E-4)
(1980,1.4846237894735584E-4)
(780,1.4846237894735584E-4)
(4180,1.4846237894735584E-4)
(8680,1.4846237894735584E-4)
(2080,1.4846237894735584E-4)
(1280,1.4846237894735584E-4)
(9280,1.4846237894735584E-4)
(5880,1.4846237894735584E-4)
(4580,1.4846237894735584E-4)
(5280,1.4846237894735584E-4)
(4880,1.4846237894735584E-4)
(5180,1.4846237894735584E-4)
(8980,1.4846237894735584E-4)
(2280,1.4846237894735584E-4)
(8780,1.4846237894735584E-4)
(8380,1.4846237894735584E-4)
(4980,1.4846237894735584E-4)
(2180,1.4846237894735584E-4)
(2580,1.4846237894735584E-4)
(5080,1.4846237894735584E-4)
(6380,1.4846237894735584E-4)
(380,1.4846237894735584E-4)
(680,1.4846237894735584E-4)
(6980,1.4846237894735584E-4)
(1180,1.4846237894735584E-4)
(3380,1.4846237894735584E-4)
(5580,1.4846237894735584E-4)
(4380,1.4846237894735584E-4)
(280,1.4846237894735584E-4)
(2380,1.4846237894735584E-4)
(3780,1.4846237894735584E-4)
(9480,1.4846237894735584E-4)
(7780,1.4846237894735584E-4)
(6480,1.4846237894735584E-4)
(5980,1.4846237894735584E-4)
(4480,1.4846237894735584E-4)
(7180,1.4846237894735584E-4)
(7880,1.4846237894735584E-4)
(7980,1.4846237894735584E-4)
(7080,1.4846237894735584E-4)
(3080,1.4846237894735584E-4)
(2880,1.4846237894735584E-4)
(5780,1.4846237894735584E-4)
(880,1.4846237894735584E-4)
(3580,1.4846237894735584E-4)
(9780,1.4846237894735584E-4)
(7580,1.4846237894735584E-4)
(6580,1.4846237894735584E-4)
(580,1.4846237894735584E-4)
