(4314,3.517259582259504E-5)
(5114,3.517259582259504E-5)
(3014,3.517259582259504E-5)
(5214,3.517259582259504E-5)
(2914,3.517259582259504E-5)
(4714,3.517259582259504E-5)
(8214,3.517259582259504E-5)
(1314,3.517259582259504E-5)
(4014,3.517259582259504E-5)
(3914,3.517259582259504E-5)
(8614,3.517259582259504E-5)
(14,3.517259582259504E-5)
(3314,3.517259582259504E-5)
(2614,3.517259582259504E-5)
(5814,3.517259582259504E-5)
(9414,3.517259582259504E-5)
(514,3.517259582259504E-5)
(2214,3.517259582259504E-5)
(9714,3.517259582259504E-5)
(2414,3.517259582259504E-5)
(1414,3.517259582259504E-5)
(4614,3.517259582259504E-5)
(2714,3.517259582259504E-5)
(4414,3.517259582259504E-5)
(1114,3.517259582259504E-5)
(1214,3.517259582259504E-5)
(6414,3.517259582259504E-5)
(3514,3.517259582259504E-5)
(7414,3.517259582259504E-5)
(5314,3.517259582259504E-5)
(2014,3.517259582259504E-5)
(614,3.517259582259504E-5)
(2814,3.517259582259504E-5)
(9614,3.517259582259504E-5)
(1514,3.517259582259504E-5)
(7614,3.517259582259504E-5)
(9514,3.517259582259504E-5)
(5514,3.517259582259504E-5)
(7714,3.517259582259504E-5)
(6514,3.517259582259504E-5)
(3114,3.517259582259504E-5)
(9914,3.517259582259504E-5)
(1014,3.517259582259504E-5)
(1614,3.517259582259504E-5)
(6614,3.517259582259504E-5)
(8114,3.517259582259504E-5)
(8014,3.517259582259504E-5)
(6314,3.517259582259504E-5)
(9014,3.517259582259504E-5)
(914,3.517259582259504E-5)
(114,3.517259582259504E-5)
(8814,3.517259582259504E-5)
(9314,3.517259582259504E-5)
(3414,3.517259582259504E-5)
(4514,3.517259582259504E-5)
(7914,3.517259582259504E-5)
(6714,3.517259582259504E-5)
(5014,3.517259582259504E-5)
(7214,3.517259582259504E-5)
(7814,3.517259582259504E-5)
(6114,3.517259582259504E-5)
(1714,3.517259582259504E-5)
(5714,3.517259582259504E-5)
(4914,3.517259582259504E-5)
(814,3.517259582259504E-5)
(8714,3.517259582259504E-5)
(214,3.517259582259504E-5)
(7314,3.517259582259504E-5)
(4214,3.517259582259504E-5)
(414,3.517259582259504E-5)
(2514,3.517259582259504E-5)
(9814,3.517259582259504E-5)
(3714,3.517259582259504E-5)
(6214,3.517259582259504E-5)
(5614,3.517259582259504E-5)
(2114,3.517259582259504E-5)
(714,3.517259582259504E-5)
(4114,3.517259582259504E-5)
(8514,3.517259582259504E-5)
(5914,3.517259582259504E-5)
(8314,3.517259582259504E-5)
(6014,3.517259582259504E-5)
(4814,3.517259582259504E-5)
(3814,3.517259582259504E-5)
(9114,3.517259582259504E-5)
(7514,3.517259582259504E-5)
(7114,3.517259582259504E-5)
(314,3.517259582259504E-5)
(1914,3.517259582259504E-5)
(3214,3.517259582259504E-5)
(2314,3.517259582259504E-5)
(6914,3.517259582259504E-5)
(8414,3.517259582259504E-5)
(1814,3.517259582259504E-5)
(8914,3.517259582259504E-5)
(9214,3.517259582259504E-5)
(5414,3.517259582259504E-5)
(6814,3.517259582259504E-5)
(3614,3.517259582259504E-5)
(7014,3.517259582259504E-5)
