(5308,2.0696363801261197E-5)
(7608,2.0696363801261197E-5)
(9208,2.0696363801261197E-5)
(1208,2.0696363801261197E-5)
(6308,2.0696363801261197E-5)
(3908,2.0696363801261197E-5)
(408,2.0696363801261197E-5)
(4108,2.0696363801261197E-5)
(5708,2.0696363801261197E-5)
(3408,2.0696363801261197E-5)
(1008,2.0696363801261197E-5)
(8808,2.0696363801261197E-5)
(8908,2.0696363801261197E-5)
(7908,2.0696363801261197E-5)
(8708,2.0696363801261197E-5)
(8008,2.0696363801261197E-5)
(5108,2.0696363801261197E-5)
(4408,2.0696363801261197E-5)
(4508,2.0696363801261197E-5)
(6608,2.0696363801261197E-5)
(9608,2.0696363801261197E-5)
(4808,2.0696363801261197E-5)
(4608,2.0696363801261197E-5)
(2908,2.0696363801261197E-5)
(9008,2.0696363801261197E-5)
(5008,2.0696363801261197E-5)
(2608,2.0696363801261197E-5)
(2208,2.0696363801261197E-5)
(6008,2.0696363801261197E-5)
(608,2.0696363801261197E-5)
(908,2.0696363801261197E-5)
(808,2.0696363801261197E-5)
(5908,2.0696363801261197E-5)
(3208,2.0696363801261197E-5)
(1408,2.0696363801261197E-5)
(1908,2.0696363801261197E-5)
(2108,2.0696363801261197E-5)
(5508,2.0696363801261197E-5)
(1308,2.0696363801261197E-5)
(1808,2.0696363801261197E-5)
(8608,2.0696363801261197E-5)
(9108,2.0696363801261197E-5)
(308,2.0696363801261197E-5)
(7108,2.0696363801261197E-5)
(8208,2.0696363801261197E-5)
(3708,2.0696363801261197E-5)
(7508,2.0696363801261197E-5)
(5808,2.0696363801261197E-5)
(3308,2.0696363801261197E-5)
(6808,2.0696363801261197E-5)
(1608,2.0696363801261197E-5)
(2308,2.0696363801261197E-5)
(3108,2.0696363801261197E-5)
(3008,2.0696363801261197E-5)
(4008,2.0696363801261197E-5)
(3808,2.0696363801261197E-5)
(9408,2.0696363801261197E-5)
(4308,2.0696363801261197E-5)
(6408,2.0696363801261197E-5)
(2508,2.0696363801261197E-5)
(3508,2.0696363801261197E-5)
(508,2.0696363801261197E-5)
(1108,2.0696363801261197E-5)
(8408,2.0696363801261197E-5)
(9908,2.0696363801261197E-5)
(2408,2.0696363801261197E-5)
(108,2.0696363801261197E-5)
(7808,2.0696363801261197E-5)
(6208,2.0696363801261197E-5)
(2708,2.0696363801261197E-5)
(3608,2.0696363801261197E-5)
(9808,2.0696363801261197E-5)
(9508,2.0696363801261197E-5)
(7308,2.0696363801261197E-5)
(2008,2.0696363801261197E-5)
(8308,2.0696363801261197E-5)
(1508,2.0696363801261197E-5)
(708,2.0696363801261197E-5)
(5608,2.0696363801261197E-5)
(1708,2.0696363801261197E-5)
(208,2.0696363801261197E-5)
(5408,2.0696363801261197E-5)
(2808,2.0696363801261197E-5)
(5208,2.0696363801261197E-5)
(7708,2.0696363801261197E-5)
(6708,2.0696363801261197E-5)
(4708,2.0696363801261197E-5)
(6908,2.0696363801261197E-5)
(7208,2.0696363801261197E-5)
(8108,2.0696363801261197E-5)
(6508,2.0696363801261197E-5)
(6108,2.0696363801261197E-5)
(4908,2.0696363801261197E-5)
(8,2.0696363801261197E-5)
(8508,2.0696363801261197E-5)
(9708,2.0696363801261197E-5)
(4208,2.0696363801261197E-5)
(7408,2.0696363801261197E-5)
(7008,2.0696363801261197E-5)
(9308,2.0696363801261197E-5)
