(6031,7.17919405267681E-5)
(1831,7.17919405267681E-5)
(3331,7.17919405267681E-5)
(6331,7.17919405267681E-5)
(3731,7.17919405267681E-5)
(8331,7.17919405267681E-5)
(4631,7.17919405267681E-5)
(4931,7.17919405267681E-5)
(8431,7.17919405267681E-5)
(8931,7.17919405267681E-5)
(3931,7.17919405267681E-5)
(5331,7.17919405267681E-5)
(9831,7.17919405267681E-5)
(5431,7.17919405267681E-5)
(7531,7.17919405267681E-5)
(7631,7.17919405267681E-5)
(4431,7.17919405267681E-5)
(1431,7.17919405267681E-5)
(931,7.17919405267681E-5)
(8631,7.17919405267681E-5)
(2331,7.17919405267681E-5)
(8131,7.17919405267681E-5)
(1231,7.17919405267681E-5)
(2231,7.17919405267681E-5)
(9731,7.17919405267681E-5)
(2531,7.17919405267681E-5)
(9031,7.17919405267681E-5)
(2931,7.17919405267681E-5)
(4131,7.17919405267681E-5)
(331,7.17919405267681E-5)
(5731,7.17919405267681E-5)
(6231,7.17919405267681E-5)
(2731,7.17919405267681E-5)
(2431,7.17919405267681E-5)
(131,7.17919405267681E-5)
(2131,7.17919405267681E-5)
(4731,7.17919405267681E-5)
(1631,7.17919405267681E-5)
(8031,7.17919405267681E-5)
(1931,7.17919405267681E-5)
(6631,7.17919405267681E-5)
(5931,7.17919405267681E-5)
(7031,7.17919405267681E-5)
(5531,7.17919405267681E-5)
(6831,7.17919405267681E-5)
(3131,7.17919405267681E-5)
(731,7.17919405267681E-5)
(7331,7.17919405267681E-5)
(3631,7.17919405267681E-5)
(2631,7.17919405267681E-5)
(431,7.17919405267681E-5)
(1031,7.17919405267681E-5)
(4031,7.17919405267681E-5)
(31,7.17919405267681E-5)
(3831,7.17919405267681E-5)
(4231,7.17919405267681E-5)
(9431,7.17919405267681E-5)
(1731,7.17919405267681E-5)
(4831,7.17919405267681E-5)
(231,7.17919405267681E-5)
(3231,7.17919405267681E-5)
(4331,7.17919405267681E-5)
(5631,7.17919405267681E-5)
(6731,7.17919405267681E-5)
(2031,7.17919405267681E-5)
(531,7.17919405267681E-5)
(8731,7.17919405267681E-5)
(9631,7.17919405267681E-5)
(7931,7.17919405267681E-5)
(9331,7.17919405267681E-5)
(5231,7.17919405267681E-5)
(1331,7.17919405267681E-5)
(4531,7.17919405267681E-5)
(6131,7.17919405267681E-5)
(7231,7.17919405267681E-5)
(7131,7.17919405267681E-5)
(3031,7.17919405267681E-5)
(7831,7.17919405267681E-5)
(7731,7.17919405267681E-5)
(7431,7.17919405267681E-5)
(3431,7.17919405267681E-5)
(631,7.17919405267681E-5)
(1131,7.17919405267681E-5)
(831,7.17919405267681E-5)
(6931,7.17919405267681E-5)
(5831,7.17919405267681E-5)
(8231,7.17919405267681E-5)
(2831,7.17919405267681E-5)
(8531,7.17919405267681E-5)
(8831,7.17919405267681E-5)
(9131,7.17919405267681E-5)
(5131,7.17919405267681E-5)
(5031,7.17919405267681E-5)
(6531,7.17919405267681E-5)
(9231,7.17919405267681E-5)
(3531,7.17919405267681E-5)
(1531,7.17919405267681E-5)
(9931,7.17919405267681E-5)
(6431,7.17919405267681E-5)
(9531,7.17919405267681E-5)
