(817,4.2092992443106634E-5)
(6817,4.2092992443106634E-5)
(5417,4.2092992443106634E-5)
(8217,4.2092992443106634E-5)
(3917,4.2092992443106634E-5)
(417,4.2092992443106634E-5)
(3017,4.2092992443106634E-5)
(3317,4.2092992443106634E-5)
(7317,4.2092992443106634E-5)
(6617,4.2092992443106634E-5)
(8617,4.2092992443106634E-5)
(7017,4.2092992443106634E-5)
(3517,4.2092992443106634E-5)
(17,4.2092992443106634E-5)
(3417,4.2092992443106634E-5)
(5117,4.2092992443106634E-5)
(5217,4.2092992443106634E-5)
(9817,4.2092992443106634E-5)
(2817,4.2092992443106634E-5)
(3817,4.2092992443106634E-5)
(2017,4.2092992443106634E-5)
(6417,4.2092992443106634E-5)
(2217,4.2092992443106634E-5)
(9217,4.2092992443106634E-5)
(217,4.2092992443106634E-5)
(6717,4.2092992443106634E-5)
(7617,4.2092992443106634E-5)
(2117,4.2092992443106634E-5)
(9617,4.2092992443106634E-5)
(1717,4.2092992443106634E-5)
(7517,4.2092992443106634E-5)
(6317,4.2092992443106634E-5)
(617,4.2092992443106634E-5)
(6017,4.2092992443106634E-5)
(4617,4.2092992443106634E-5)
(2517,4.2092992443106634E-5)
(1617,4.2092992443106634E-5)
(8017,4.2092992443106634E-5)
(3117,4.2092992443106634E-5)
(5317,4.2092992443106634E-5)
(7417,4.2092992443106634E-5)
(2617,4.2092992443106634E-5)
(8417,4.2092992443106634E-5)
(5917,4.2092992443106634E-5)
(2717,4.2092992443106634E-5)
(1217,4.2092992443106634E-5)
(6117,4.2092992443106634E-5)
(8817,4.2092992443106634E-5)
(5717,4.2092992443106634E-5)
(7217,4.2092992443106634E-5)
(4017,4.2092992443106634E-5)
(5617,4.2092992443106634E-5)
(8917,4.2092992443106634E-5)
(7817,4.2092992443106634E-5)
(6917,4.2092992443106634E-5)
(1817,4.2092992443106634E-5)
(6517,4.2092992443106634E-5)
(2917,4.2092992443106634E-5)
(4917,4.2092992443106634E-5)
(3217,4.2092992443106634E-5)
(9717,4.2092992443106634E-5)
(1917,4.2092992443106634E-5)
(4117,4.2092992443106634E-5)
(1417,4.2092992443106634E-5)
(1017,4.2092992443106634E-5)
(8317,4.2092992443106634E-5)
(9517,4.2092992443106634E-5)
(9317,4.2092992443106634E-5)
(1317,4.2092992443106634E-5)
(9417,4.2092992443106634E-5)
(2417,4.2092992443106634E-5)
(4417,4.2092992443106634E-5)
(4517,4.2092992443106634E-5)
(8517,4.2092992443106634E-5)
(5017,4.2092992443106634E-5)
(7917,4.2092992443106634E-5)
(4217,4.2092992443106634E-5)
(717,4.2092992443106634E-5)
(7717,4.2092992443106634E-5)
(3617,4.2092992443106634E-5)
(4317,4.2092992443106634E-5)
(8117,4.2092992443106634E-5)
(9017,4.2092992443106634E-5)
(117,4.2092992443106634E-5)
(9117,4.2092992443106634E-5)
(9917,4.2092992443106634E-5)
(7117,4.2092992443106634E-5)
(317,4.2092992443106634E-5)
(4817,4.2092992443106634E-5)
(2317,4.2092992443106634E-5)
(8717,4.2092992443106634E-5)
(5517,4.2092992443106634E-5)
(6217,4.2092992443106634E-5)
(1117,4.2092992443106634E-5)
(1517,4.2092992443106634E-5)
(5817,4.2092992443106634E-5)
(4717,4.2092992443106634E-5)
(917,4.2092992443106634E-5)
(517,4.2092992443106634E-5)
(3717,4.2092992443106634E-5)
