(3454,1.1243549747185904E-4)
(454,1.1243549747185904E-4)
(4054,1.1243549747185904E-4)
(2354,1.1243549747185904E-4)
(2054,1.1243549747185904E-4)
(8554,1.1243549747185904E-4)
(6754,1.1243549747185904E-4)
(8054,1.1243549747185904E-4)
(8454,1.1243549747185904E-4)
(6454,1.1243549747185904E-4)
(5354,1.1243549747185904E-4)
(7854,1.1243549747185904E-4)
(1454,1.1243549747185904E-4)
(7254,1.1243549747185904E-4)
(3354,1.1243549747185904E-4)
(2654,1.1243549747185904E-4)
(2454,1.1243549747185904E-4)
(2854,1.1243549747185904E-4)
(7754,1.1243549747185904E-4)
(3054,1.1243549747185904E-4)
(7154,1.1243549747185904E-4)
(6554,1.1243549747185904E-4)
(954,1.1243549747185904E-4)
(5254,1.1243549747185904E-4)
(2254,1.1243549747185904E-4)
(4354,1.1243549747185904E-4)
(8954,1.1243549747185904E-4)
(3854,1.1243549747185904E-4)
(1754,1.1243549747185904E-4)
(7654,1.1243549747185904E-4)
(9754,1.1243549747185904E-4)
(6654,1.1243549747185904E-4)
(7054,1.1243549747185904E-4)
(1654,1.1243549747185904E-4)
(4554,1.1243549747185904E-4)
(5554,1.1243549747185904E-4)
(4754,1.1243549747185904E-4)
(6154,1.1243549747185904E-4)
(1254,1.1243549747185904E-4)
(9154,1.1243549747185904E-4)
(1154,1.1243549747185904E-4)
(5754,1.1243549747185904E-4)
(4654,1.1243549747185904E-4)
(4954,1.1243549747185904E-4)
(6054,1.1243549747185904E-4)
(7454,1.1243549747185904E-4)
(254,1.1243549747185904E-4)
(554,1.1243549747185904E-4)
(2554,1.1243549747185904E-4)
(1054,1.1243549747185904E-4)
(3154,1.1243549747185904E-4)
(6854,1.1243549747185904E-4)
(1954,1.1243549747185904E-4)
(9054,1.1243549747185904E-4)
(54,1.1243549747185904E-4)
(9354,1.1243549747185904E-4)
(7554,1.1243549747185904E-4)
(354,1.1243549747185904E-4)
(754,1.1243549747185904E-4)
(1554,1.1243549747185904E-4)
(5954,1.1243549747185904E-4)
(3754,1.1243549747185904E-4)
(5154,1.1243549747185904E-4)
(5454,1.1243549747185904E-4)
(8254,1.1243549747185904E-4)
(2954,1.1243549747185904E-4)
(154,1.1243549747185904E-4)
(654,1.1243549747185904E-4)
(9954,1.1243549747185904E-4)
(6254,1.1243549747185904E-4)
(9554,1.1243549747185904E-4)
(8154,1.1243549747185904E-4)
(1354,1.1243549747185904E-4)
(4254,1.1243549747185904E-4)
(9854,1.1243549747185904E-4)
(9454,1.1243549747185904E-4)
(854,1.1243549747185904E-4)
(9654,1.1243549747185904E-4)
(3254,1.1243549747185904E-4)
(5054,1.1243549747185904E-4)
(4854,1.1243549747185904E-4)
(8854,1.1243549747185904E-4)
(1854,1.1243549747185904E-4)
(7354,1.1243549747185904E-4)
(6954,1.1243549747185904E-4)
(3554,1.1243549747185904E-4)
(7954,1.1243549747185904E-4)
(8754,1.1243549747185904E-4)
(4454,1.1243549747185904E-4)
(4154,1.1243549747185904E-4)
(5854,1.1243549747185904E-4)
(8354,1.1243549747185904E-4)
(2154,1.1243549747185904E-4)
(3954,1.1243549747185904E-4)
(8654,1.1243549747185904E-4)
(6354,1.1243549747185904E-4)
(3654,1.1243549747185904E-4)
(9254,1.1243549747185904E-4)
(2754,1.1243549747185904E-4)
(5654,1.1243549747185904E-4)
