(6865,1.2882110733902576E-4)
(8265,1.2882110733902576E-4)
(265,1.2882110733902576E-4)
(4265,1.2882110733902576E-4)
(8565,1.2882110733902576E-4)
(2565,1.2882110733902576E-4)
(4965,1.2882110733902576E-4)
(65,1.2882110733902576E-4)
(865,1.2882110733902576E-4)
(1665,1.2882110733902576E-4)
(1565,1.2882110733902576E-4)
(3465,1.2882110733902576E-4)
(5865,1.2882110733902576E-4)
(9165,1.2882110733902576E-4)
(8165,1.2882110733902576E-4)
(9565,1.2882110733902576E-4)
(9365,1.2882110733902576E-4)
(4065,1.2882110733902576E-4)
(5365,1.2882110733902576E-4)
(2065,1.2882110733902576E-4)
(7665,1.2882110733902576E-4)
(1065,1.2882110733902576E-4)
(5765,1.2882110733902576E-4)
(4665,1.2882110733902576E-4)
(9665,1.2882110733902576E-4)
(3165,1.2882110733902576E-4)
(1865,1.2882110733902576E-4)
(2665,1.2882110733902576E-4)
(8665,1.2882110733902576E-4)
(7865,1.2882110733902576E-4)
(9765,1.2882110733902576E-4)
(9965,1.2882110733902576E-4)
(9065,1.2882110733902576E-4)
(4565,1.2882110733902576E-4)
(6465,1.2882110733902576E-4)
(5165,1.2882110733902576E-4)
(6065,1.2882110733902576E-4)
(3565,1.2882110733902576E-4)
(8965,1.2882110733902576E-4)
(1965,1.2882110733902576E-4)
(1265,1.2882110733902576E-4)
(5965,1.2882110733902576E-4)
(8365,1.2882110733902576E-4)
(565,1.2882110733902576E-4)
(2365,1.2882110733902576E-4)
(4165,1.2882110733902576E-4)
(1165,1.2882110733902576E-4)
(165,1.2882110733902576E-4)
(2265,1.2882110733902576E-4)
(1365,1.2882110733902576E-4)
(6265,1.2882110733902576E-4)
(4865,1.2882110733902576E-4)
(8065,1.2882110733902576E-4)
(7165,1.2882110733902576E-4)
(465,1.2882110733902576E-4)
(8865,1.2882110733902576E-4)
(9865,1.2882110733902576E-4)
(765,1.2882110733902576E-4)
(2965,1.2882110733902576E-4)
(6365,1.2882110733902576E-4)
(2765,1.2882110733902576E-4)
(3365,1.2882110733902576E-4)
(3865,1.2882110733902576E-4)
(4765,1.2882110733902576E-4)
(1765,1.2882110733902576E-4)
(9465,1.2882110733902576E-4)
(1465,1.2882110733902576E-4)
(7465,1.2882110733902576E-4)
(6665,1.2882110733902576E-4)
(5065,1.2882110733902576E-4)
(5265,1.2882110733902576E-4)
(7065,1.2882110733902576E-4)
(6165,1.2882110733902576E-4)
(9265,1.2882110733902576E-4)
(7965,1.2882110733902576E-4)
(6565,1.2882110733902576E-4)
(2865,1.2882110733902576E-4)
(7565,1.2882110733902576E-4)
(3665,1.2882110733902576E-4)
(5665,1.2882110733902576E-4)
(3965,1.2882110733902576E-4)
(4365,1.2882110733902576E-4)
(3765,1.2882110733902576E-4)
(4465,1.2882110733902576E-4)
(965,1.2882110733902576E-4)
(5465,1.2882110733902576E-4)
(3265,1.2882110733902576E-4)
(8465,1.2882110733902576E-4)
(7765,1.2882110733902576E-4)
(6765,1.2882110733902576E-4)
(7265,1.2882110733902576E-4)
(665,1.2882110733902576E-4)
(8765,1.2882110733902576E-4)
(2465,1.2882110733902576E-4)
(2165,1.2882110733902576E-4)
(3065,1.2882110733902576E-4)
(6965,1.2882110733902576E-4)
(5565,1.2882110733902576E-4)
(365,1.2882110733902576E-4)
(7365,1.2882110733902576E-4)
