(9470,1.3569649140886196E-4)
(4870,1.3569649140886196E-4)
(5270,1.3569649140886196E-4)
(8770,1.3569649140886196E-4)
(7570,1.3569649140886196E-4)
(8670,1.3569649140886196E-4)
(8970,1.3569649140886196E-4)
(970,1.3569649140886196E-4)
(2670,1.3569649140886196E-4)
(4470,1.3569649140886196E-4)
(170,1.3569649140886196E-4)
(270,1.3569649140886196E-4)
(2170,1.3569649140886196E-4)
(6670,1.3569649140886196E-4)
(8370,1.3569649140886196E-4)
(6270,1.3569649140886196E-4)
(2270,1.3569649140886196E-4)
(1570,1.3569649140886196E-4)
(9670,1.3569649140886196E-4)
(5370,1.3569649140886196E-4)
(9570,1.3569649140886196E-4)
(5570,1.3569649140886196E-4)
(9070,1.3569649140886196E-4)
(6470,1.3569649140886196E-4)
(6870,1.3569649140886196E-4)
(2770,1.3569649140886196E-4)
(1470,1.3569649140886196E-4)
(9370,1.3569649140886196E-4)
(9270,1.3569649140886196E-4)
(4170,1.3569649140886196E-4)
(370,1.3569649140886196E-4)
(4570,1.3569649140886196E-4)
(3170,1.3569649140886196E-4)
(5170,1.3569649140886196E-4)
(8870,1.3569649140886196E-4)
(4970,1.3569649140886196E-4)
(1070,1.3569649140886196E-4)
(4670,1.3569649140886196E-4)
(2570,1.3569649140886196E-4)
(3670,1.3569649140886196E-4)
(6070,1.3569649140886196E-4)
(6970,1.3569649140886196E-4)
(5970,1.3569649140886196E-4)
(2470,1.3569649140886196E-4)
(9770,1.3569649140886196E-4)
(5470,1.3569649140886196E-4)
(6770,1.3569649140886196E-4)
(3870,1.3569649140886196E-4)
(6170,1.3569649140886196E-4)
(570,1.3569649140886196E-4)
(7770,1.3569649140886196E-4)
(1270,1.3569649140886196E-4)
(5670,1.3569649140886196E-4)
(3970,1.3569649140886196E-4)
(5070,1.3569649140886196E-4)
(3370,1.3569649140886196E-4)
(1670,1.3569649140886196E-4)
(7070,1.3569649140886196E-4)
(1970,1.3569649140886196E-4)
(2870,1.3569649140886196E-4)
(1870,1.3569649140886196E-4)
(8270,1.3569649140886196E-4)
(4070,1.3569649140886196E-4)
(770,1.3569649140886196E-4)
(2370,1.3569649140886196E-4)
(8570,1.3569649140886196E-4)
(3070,1.3569649140886196E-4)
(9870,1.3569649140886196E-4)
(70,1.3569649140886196E-4)
(3270,1.3569649140886196E-4)
(7170,1.3569649140886196E-4)
(2970,1.3569649140886196E-4)
(7370,1.3569649140886196E-4)
(7870,1.3569649140886196E-4)
(9170,1.3569649140886196E-4)
(6570,1.3569649140886196E-4)
(870,1.3569649140886196E-4)
(6370,1.3569649140886196E-4)
(470,1.3569649140886196E-4)
(8070,1.3569649140886196E-4)
(8470,1.3569649140886196E-4)
(9970,1.3569649140886196E-4)
(3470,1.3569649140886196E-4)
(8170,1.3569649140886196E-4)
(3770,1.3569649140886196E-4)
(4370,1.3569649140886196E-4)
(1770,1.3569649140886196E-4)
(1170,1.3569649140886196E-4)
(3570,1.3569649140886196E-4)
(7670,1.3569649140886196E-4)
(4270,1.3569649140886196E-4)
(4770,1.3569649140886196E-4)
(2070,1.3569649140886196E-4)
(5770,1.3569649140886196E-4)
(1370,1.3569649140886196E-4)
(7970,1.3569649140886196E-4)
(7270,1.3569649140886196E-4)
(7470,1.3569649140886196E-4)
(5870,1.3569649140886196E-4)
(670,1.3569649140886196E-4)
