(2340,8.881171308574358E-5)
(4440,8.881171308574358E-5)
(3340,8.881171308574358E-5)
(440,8.881171308574358E-5)
(340,8.881171308574358E-5)
(9940,8.881171308574358E-5)
(9840,8.881171308574358E-5)
(5740,8.881171308574358E-5)
(1840,8.881171308574358E-5)
(9440,8.881171308574358E-5)
(3940,8.881171308574358E-5)
(4940,8.881171308574358E-5)
(1540,8.881171308574358E-5)
(5940,8.881171308574358E-5)
(1740,8.881171308574358E-5)
(1040,8.881171308574358E-5)
(6240,8.881171308574358E-5)
(6140,8.881171308574358E-5)
(8940,8.881171308574358E-5)
(8640,8.881171308574358E-5)
(140,8.881171308574358E-5)
(5440,8.881171308574358E-5)
(4140,8.881171308574358E-5)
(4840,8.881171308574358E-5)
(3140,8.881171308574358E-5)
(8440,8.881171308574358E-5)
(6440,8.881171308574358E-5)
(7640,8.881171308574358E-5)
(5140,8.881171308574358E-5)
(3040,8.881171308574358E-5)
(9240,8.881171308574358E-5)
(5240,8.881171308574358E-5)
(9740,8.881171308574358E-5)
(9040,8.881171308574358E-5)
(2740,8.881171308574358E-5)
(2440,8.881171308574358E-5)
(3240,8.881171308574358E-5)
(7740,8.881171308574358E-5)
(9140,8.881171308574358E-5)
(6840,8.881171308574358E-5)
(1440,8.881171308574358E-5)
(3640,8.881171308574358E-5)
(6940,8.881171308574358E-5)
(4640,8.881171308574358E-5)
(6340,8.881171308574358E-5)
(3540,8.881171308574358E-5)
(1640,8.881171308574358E-5)
(7240,8.881171308574358E-5)
(1140,8.881171308574358E-5)
(40,8.881171308574358E-5)
(1240,8.881171308574358E-5)
(4040,8.881171308574358E-5)
(7040,8.881171308574358E-5)
(8740,8.881171308574358E-5)
(7940,8.881171308574358E-5)
(2540,8.881171308574358E-5)
(5640,8.881171308574358E-5)
(6640,8.881171308574358E-5)
(5840,8.881171308574358E-5)
(840,8.881171308574358E-5)
(3840,8.881171308574358E-5)
(7140,8.881171308574358E-5)
(8040,8.881171308574358E-5)
(8540,8.881171308574358E-5)
(2840,8.881171308574358E-5)
(6540,8.881171308574358E-5)
(7540,8.881171308574358E-5)
(9540,8.881171308574358E-5)
(7340,8.881171308574358E-5)
(4340,8.881171308574358E-5)
(2640,8.881171308574358E-5)
(6040,8.881171308574358E-5)
(9640,8.881171308574358E-5)
(2040,8.881171308574358E-5)
(640,8.881171308574358E-5)
(7440,8.881171308574358E-5)
(3440,8.881171308574358E-5)
(540,8.881171308574358E-5)
(1940,8.881171308574358E-5)
(940,8.881171308574358E-5)
(7840,8.881171308574358E-5)
(8840,8.881171308574358E-5)
(2240,8.881171308574358E-5)
(3740,8.881171308574358E-5)
(8240,8.881171308574358E-5)
(5040,8.881171308574358E-5)
(240,8.881171308574358E-5)
(740,8.881171308574358E-5)
(2940,8.881171308574358E-5)
(8340,8.881171308574358E-5)
(4740,8.881171308574358E-5)
(2140,8.881171308574358E-5)
(5540,8.881171308574358E-5)
(9340,8.881171308574358E-5)
(1340,8.881171308574358E-5)
(8140,8.881171308574358E-5)
(5340,8.881171308574358E-5)
(4240,8.881171308574358E-5)
(6740,8.881171308574358E-5)
(4540,8.881171308574358E-5)
