(4904,1.055409038621425E-5)
(3604,1.055409038621425E-5)
(8804,1.055409038621425E-5)
(4,1.055409038621425E-5)
(7604,1.055409038621425E-5)
(9404,1.055409038621425E-5)
(9804,1.055409038621425E-5)
(1804,1.055409038621425E-5)
(904,1.055409038621425E-5)
(104,1.055409038621425E-5)
(8604,1.055409038621425E-5)
(7204,1.055409038621425E-5)
(5304,1.055409038621425E-5)
(2304,1.055409038621425E-5)
(3404,1.055409038621425E-5)
(204,1.055409038621425E-5)
(9004,1.055409038621425E-5)
(7904,1.055409038621425E-5)
(3304,1.055409038621425E-5)
(5804,1.055409038621425E-5)
(5704,1.055409038621425E-5)
(1704,1.055409038621425E-5)
(7004,1.055409038621425E-5)
(7104,1.055409038621425E-5)
(5404,1.055409038621425E-5)
(9704,1.055409038621425E-5)
(3104,1.055409038621425E-5)
(3504,1.055409038621425E-5)
(7304,1.055409038621425E-5)
(1304,1.055409038621425E-5)
(504,1.055409038621425E-5)
(1904,1.055409038621425E-5)
(2904,1.055409038621425E-5)
(3704,1.055409038621425E-5)
(4104,1.055409038621425E-5)
(8004,1.055409038621425E-5)
(1404,1.055409038621425E-5)
(3804,1.055409038621425E-5)
(9204,1.055409038621425E-5)
(1604,1.055409038621425E-5)
(2004,1.055409038621425E-5)
(2104,1.055409038621425E-5)
(7404,1.055409038621425E-5)
(8704,1.055409038621425E-5)
(304,1.055409038621425E-5)
(4004,1.055409038621425E-5)
(8404,1.055409038621425E-5)
(7504,1.055409038621425E-5)
(2704,1.055409038621425E-5)
(2204,1.055409038621425E-5)
(1204,1.055409038621425E-5)
(6304,1.055409038621425E-5)
(4804,1.055409038621425E-5)
(5004,1.055409038621425E-5)
(9904,1.055409038621425E-5)
(1104,1.055409038621425E-5)
(8904,1.055409038621425E-5)
(5204,1.055409038621425E-5)
(4304,1.055409038621425E-5)
(4504,1.055409038621425E-5)
(2804,1.055409038621425E-5)
(5504,1.055409038621425E-5)
(8204,1.055409038621425E-5)
(6504,1.055409038621425E-5)
(3204,1.055409038621425E-5)
(6904,1.055409038621425E-5)
(4404,1.055409038621425E-5)
(2604,1.055409038621425E-5)
(5904,1.055409038621425E-5)
(6204,1.055409038621425E-5)
(6104,1.055409038621425E-5)
(6804,1.055409038621425E-5)
(1504,1.055409038621425E-5)
(7704,1.055409038621425E-5)
(404,1.055409038621425E-5)
(2404,1.055409038621425E-5)
(3004,1.055409038621425E-5)
(5104,1.055409038621425E-5)
(704,1.055409038621425E-5)
(9304,1.055409038621425E-5)
(8304,1.055409038621425E-5)
(6604,1.055409038621425E-5)
(5604,1.055409038621425E-5)
(4204,1.055409038621425E-5)
(9504,1.055409038621425E-5)
(3904,1.055409038621425E-5)
(1004,1.055409038621425E-5)
(6004,1.055409038621425E-5)
(6704,1.055409038621425E-5)
(6404,1.055409038621425E-5)
(8104,1.055409038621425E-5)
(9104,1.055409038621425E-5)
(2504,1.055409038621425E-5)
(804,1.055409038621425E-5)
(7804,1.055409038621425E-5)
(604,1.055409038621425E-5)
(8504,1.055409038621425E-5)
(4604,1.055409038621425E-5)
(9604,1.055409038621425E-5)
(4704,1.055409038621425E-5)
