(451,1.0764654909622366E-4)
(151,1.0764654909622366E-4)
(7551,1.0764654909622366E-4)
(4551,1.0764654909622366E-4)
(6351,1.0764654909622366E-4)
(3851,1.0764654909622366E-4)
(1451,1.0764654909622366E-4)
(9851,1.0764654909622366E-4)
(9751,1.0764654909622366E-4)
(4351,1.0764654909622366E-4)
(2951,1.0764654909622366E-4)
(2051,1.0764654909622366E-4)
(7451,1.0764654909622366E-4)
(1651,1.0764654909622366E-4)
(5351,1.0764654909622366E-4)
(3651,1.0764654909622366E-4)
(9651,1.0764654909622366E-4)
(7351,1.0764654909622366E-4)
(1951,1.0764654909622366E-4)
(5851,1.0764654909622366E-4)
(8551,1.0764654909622366E-4)
(4151,1.0764654909622366E-4)
(9051,1.0764654909622366E-4)
(2851,1.0764654909622366E-4)
(8651,1.0764654909622366E-4)
(6951,1.0764654909622366E-4)
(2751,1.0764654909622366E-4)
(9351,1.0764654909622366E-4)
(2351,1.0764654909622366E-4)
(6551,1.0764654909622366E-4)
(7951,1.0764654909622366E-4)
(8251,1.0764654909622366E-4)
(7251,1.0764654909622366E-4)
(851,1.0764654909622366E-4)
(7751,1.0764654909622366E-4)
(1251,1.0764654909622366E-4)
(4851,1.0764654909622366E-4)
(2551,1.0764654909622366E-4)
(1851,1.0764654909622366E-4)
(6651,1.0764654909622366E-4)
(8151,1.0764654909622366E-4)
(5751,1.0764654909622366E-4)
(9451,1.0764654909622366E-4)
(5951,1.0764654909622366E-4)
(3351,1.0764654909622366E-4)
(1551,1.0764654909622366E-4)
(1751,1.0764654909622366E-4)
(4051,1.0764654909622366E-4)
(3551,1.0764654909622366E-4)
(6151,1.0764654909622366E-4)
(2651,1.0764654909622366E-4)
(551,1.0764654909622366E-4)
(6751,1.0764654909622366E-4)
(6251,1.0764654909622366E-4)
(6051,1.0764654909622366E-4)
(51,1.0764654909622366E-4)
(4251,1.0764654909622366E-4)
(8851,1.0764654909622366E-4)
(4751,1.0764654909622366E-4)
(9551,1.0764654909622366E-4)
(7651,1.0764654909622366E-4)
(3151,1.0764654909622366E-4)
(3051,1.0764654909622366E-4)
(251,1.0764654909622366E-4)
(951,1.0764654909622366E-4)
(3251,1.0764654909622366E-4)
(4651,1.0764654909622366E-4)
(5651,1.0764654909622366E-4)
(6851,1.0764654909622366E-4)
(651,1.0764654909622366E-4)
(9951,1.0764654909622366E-4)
(8951,1.0764654909622366E-4)
(4951,1.0764654909622366E-4)
(2451,1.0764654909622366E-4)
(5151,1.0764654909622366E-4)
(6451,1.0764654909622366E-4)
(8351,1.0764654909622366E-4)
(3451,1.0764654909622366E-4)
(1051,1.0764654909622366E-4)
(351,1.0764654909622366E-4)
(1151,1.0764654909622366E-4)
(2251,1.0764654909622366E-4)
(5251,1.0764654909622366E-4)
(9251,1.0764654909622366E-4)
(4451,1.0764654909622366E-4)
(5051,1.0764654909622366E-4)
(3951,1.0764654909622366E-4)
(1351,1.0764654909622366E-4)
(7151,1.0764654909622366E-4)
(7051,1.0764654909622366E-4)
(8751,1.0764654909622366E-4)
(2151,1.0764654909622366E-4)
(7851,1.0764654909622366E-4)
(751,1.0764654909622366E-4)
(8451,1.0764654909622366E-4)
(5551,1.0764654909622366E-4)
(5451,1.0764654909622366E-4)
(8051,1.0764654909622366E-4)
(9151,1.0764654909622366E-4)
(3751,1.0764654909622366E-4)
