(7398,1.684713829421526E-4)
(3798,1.684713829421526E-4)
(2498,1.684713829421526E-4)
(5098,1.684713829421526E-4)
(6998,1.684713829421526E-4)
(8098,1.684713829421526E-4)
(7198,1.684713829421526E-4)
(8998,1.684713829421526E-4)
(9898,1.684713829421526E-4)
(3498,1.684713829421526E-4)
(5198,1.684713829421526E-4)
(798,1.684713829421526E-4)
(4498,1.684713829421526E-4)
(998,1.684713829421526E-4)
(5298,1.684713829421526E-4)
(9798,1.684713829421526E-4)
(8798,1.684713829421526E-4)
(3298,1.684713829421526E-4)
(8498,1.684713829421526E-4)
(7498,1.684713829421526E-4)
(4198,1.684713829421526E-4)
(6898,1.684713829421526E-4)
(1298,1.684713829421526E-4)
(4398,1.684713829421526E-4)
(1598,1.684713829421526E-4)
(7798,1.684713829421526E-4)
(9498,1.684713829421526E-4)
(3998,1.684713829421526E-4)
(7998,1.684713829421526E-4)
(9398,1.684713829421526E-4)
(2098,1.684713829421526E-4)
(3198,1.684713829421526E-4)
(6398,1.684713829421526E-4)
(9198,1.684713829421526E-4)
(4298,1.684713829421526E-4)
(3698,1.684713829421526E-4)
(3598,1.684713829421526E-4)
(2298,1.684713829421526E-4)
(5598,1.684713829421526E-4)
(498,1.684713829421526E-4)
(198,1.684713829421526E-4)
(8398,1.684713829421526E-4)
(9998,1.684713829421526E-4)
(1498,1.684713829421526E-4)
(3898,1.684713829421526E-4)
(898,1.684713829421526E-4)
(398,1.684713829421526E-4)
(7098,1.684713829421526E-4)
(1798,1.684713829421526E-4)
(698,1.684713829421526E-4)
(9098,1.684713829421526E-4)
(298,1.684713829421526E-4)
(6598,1.684713829421526E-4)
(5898,1.684713829421526E-4)
(5998,1.684713829421526E-4)
(6298,1.684713829421526E-4)
(7598,1.684713829421526E-4)
(1098,1.684713829421526E-4)
(98,1.684713829421526E-4)
(4098,1.684713829421526E-4)
(6098,1.684713829421526E-4)
(4698,1.684713829421526E-4)
(2998,1.684713829421526E-4)
(2798,1.684713829421526E-4)
(4598,1.684713829421526E-4)
(5498,1.684713829421526E-4)
(1198,1.684713829421526E-4)
(4798,1.684713829421526E-4)
(6698,1.684713829421526E-4)
(2898,1.684713829421526E-4)
(3398,1.684713829421526E-4)
(4898,1.684713829421526E-4)
(7298,1.684713829421526E-4)
(9298,1.684713829421526E-4)
(2698,1.684713829421526E-4)
(1998,1.684713829421526E-4)
(8198,1.684713829421526E-4)
(2598,1.684713829421526E-4)
(1698,1.684713829421526E-4)
(7698,1.684713829421526E-4)
(1898,1.684713829421526E-4)
(9598,1.684713829421526E-4)
(6798,1.684713829421526E-4)
(6498,1.684713829421526E-4)
(8598,1.684713829421526E-4)
(1398,1.684713829421526E-4)
(2198,1.684713829421526E-4)
(8898,1.684713829421526E-4)
(9698,1.684713829421526E-4)
(598,1.684713829421526E-4)
(5698,1.684713829421526E-4)
(3098,1.684713829421526E-4)
(5798,1.684713829421526E-4)
(6198,1.684713829421526E-4)
(8698,1.684713829421526E-4)
(8298,1.684713829421526E-4)
(4998,1.684713829421526E-4)
(2398,1.684713829421526E-4)
(5398,1.684713829421526E-4)
(7898,1.684713829421526E-4)
