(786,1.5553396161839032E-4)
(386,1.5553396161839032E-4)
(2986,1.5553396161839032E-4)
(5586,1.5553396161839032E-4)
(1786,1.5553396161839032E-4)
(8486,1.5553396161839032E-4)
(6786,1.5553396161839032E-4)
(586,1.5553396161839032E-4)
(6486,1.5553396161839032E-4)
(986,1.5553396161839032E-4)
(8786,1.5553396161839032E-4)
(8086,1.5553396161839032E-4)
(5886,1.5553396161839032E-4)
(1886,1.5553396161839032E-4)
(2886,1.5553396161839032E-4)
(2386,1.5553396161839032E-4)
(4586,1.5553396161839032E-4)
(9586,1.5553396161839032E-4)
(8986,1.5553396161839032E-4)
(2086,1.5553396161839032E-4)
(2486,1.5553396161839032E-4)
(9186,1.5553396161839032E-4)
(3086,1.5553396161839032E-4)
(5986,1.5553396161839032E-4)
(7886,1.5553396161839032E-4)
(2586,1.5553396161839032E-4)
(4186,1.5553396161839032E-4)
(7786,1.5553396161839032E-4)
(7386,1.5553396161839032E-4)
(3186,1.5553396161839032E-4)
(6686,1.5553396161839032E-4)
(1686,1.5553396161839032E-4)
(5286,1.5553396161839032E-4)
(886,1.5553396161839032E-4)
(4786,1.5553396161839032E-4)
(6386,1.5553396161839032E-4)
(5086,1.5553396161839032E-4)
(5486,1.5553396161839032E-4)
(6186,1.5553396161839032E-4)
(7286,1.5553396161839032E-4)
(186,1.5553396161839032E-4)
(5386,1.5553396161839032E-4)
(6986,1.5553396161839032E-4)
(9386,1.5553396161839032E-4)
(86,1.5553396161839032E-4)
(1386,1.5553396161839032E-4)
(9886,1.5553396161839032E-4)
(8186,1.5553396161839032E-4)
(6586,1.5553396161839032E-4)
(2186,1.5553396161839032E-4)
(5686,1.5553396161839032E-4)
(1486,1.5553396161839032E-4)
(8386,1.5553396161839032E-4)
(7086,1.5553396161839032E-4)
(8886,1.5553396161839032E-4)
(9286,1.5553396161839032E-4)
(5186,1.5553396161839032E-4)
(3486,1.5553396161839032E-4)
(8586,1.5553396161839032E-4)
(3386,1.5553396161839032E-4)
(286,1.5553396161839032E-4)
(8286,1.5553396161839032E-4)
(1086,1.5553396161839032E-4)
(686,1.5553396161839032E-4)
(9686,1.5553396161839032E-4)
(3886,1.5553396161839032E-4)
(5786,1.5553396161839032E-4)
(1586,1.5553396161839032E-4)
(4486,1.5553396161839032E-4)
(9786,1.5553396161839032E-4)
(6286,1.5553396161839032E-4)
(2786,1.5553396161839032E-4)
(7186,1.5553396161839032E-4)
(7486,1.5553396161839032E-4)
(9986,1.5553396161839032E-4)
(4686,1.5553396161839032E-4)
(4886,1.5553396161839032E-4)
(7986,1.5553396161839032E-4)
(7586,1.5553396161839032E-4)
(486,1.5553396161839032E-4)
(9086,1.5553396161839032E-4)
(1986,1.5553396161839032E-4)
(4286,1.5553396161839032E-4)
(4986,1.5553396161839032E-4)
(1186,1.5553396161839032E-4)
(7686,1.5553396161839032E-4)
(3286,1.5553396161839032E-4)
(8686,1.5553396161839032E-4)
(1286,1.5553396161839032E-4)
(6086,1.5553396161839032E-4)
(2286,1.5553396161839032E-4)
(3686,1.5553396161839032E-4)
(4086,1.5553396161839032E-4)
(3786,1.5553396161839032E-4)
(4386,1.5553396161839032E-4)
(2686,1.5553396161839032E-4)
(9486,1.5553396161839032E-4)
(3586,1.5553396161839032E-4)
(3986,1.5553396161839032E-4)
(6886,1.5553396161839032E-4)
