(1124,5.7459407638188856E-5)
(5124,5.7459407638188856E-5)
(3824,5.7459407638188856E-5)
(2224,5.7459407638188856E-5)
(324,5.7459407638188856E-5)
(7124,5.7459407638188856E-5)
(1724,5.7459407638188856E-5)
(8924,5.7459407638188856E-5)
(24,5.7459407638188856E-5)
(3124,5.7459407638188856E-5)
(5824,5.7459407638188856E-5)
(7224,5.7459407638188856E-5)
(7824,5.7459407638188856E-5)
(624,5.7459407638188856E-5)
(7424,5.7459407638188856E-5)
(5324,5.7459407638188856E-5)
(4324,5.7459407638188856E-5)
(2624,5.7459407638188856E-5)
(6724,5.7459407638188856E-5)
(4224,5.7459407638188856E-5)
(4924,5.7459407638188856E-5)
(224,5.7459407638188856E-5)
(2724,5.7459407638188856E-5)
(7324,5.7459407638188856E-5)
(5924,5.7459407638188856E-5)
(424,5.7459407638188856E-5)
(2524,5.7459407638188856E-5)
(6424,5.7459407638188856E-5)
(4724,5.7459407638188856E-5)
(8324,5.7459407638188856E-5)
(4624,5.7459407638188856E-5)
(3224,5.7459407638188856E-5)
(3024,5.7459407638188856E-5)
(5224,5.7459407638188856E-5)
(6524,5.7459407638188856E-5)
(9324,5.7459407638188856E-5)
(3324,5.7459407638188856E-5)
(1624,5.7459407638188856E-5)
(9724,5.7459407638188856E-5)
(9124,5.7459407638188856E-5)
(1824,5.7459407638188856E-5)
(1224,5.7459407638188856E-5)
(4524,5.7459407638188856E-5)
(8124,5.7459407638188856E-5)
(1924,5.7459407638188856E-5)
(9224,5.7459407638188856E-5)
(524,5.7459407638188856E-5)
(8824,5.7459407638188856E-5)
(5024,5.7459407638188856E-5)
(6824,5.7459407638188856E-5)
(2424,5.7459407638188856E-5)
(8224,5.7459407638188856E-5)
(9424,5.7459407638188856E-5)
(6324,5.7459407638188856E-5)
(7024,5.7459407638188856E-5)
(4424,5.7459407638188856E-5)
(2824,5.7459407638188856E-5)
(3424,5.7459407638188856E-5)
(8424,5.7459407638188856E-5)
(8724,5.7459407638188856E-5)
(5524,5.7459407638188856E-5)
(2124,5.7459407638188856E-5)
(6224,5.7459407638188856E-5)
(924,5.7459407638188856E-5)
(4824,5.7459407638188856E-5)
(3924,5.7459407638188856E-5)
(6624,5.7459407638188856E-5)
(1324,5.7459407638188856E-5)
(7924,5.7459407638188856E-5)
(8524,5.7459407638188856E-5)
(6024,5.7459407638188856E-5)
(824,5.7459407638188856E-5)
(9524,5.7459407638188856E-5)
(3724,5.7459407638188856E-5)
(2324,5.7459407638188856E-5)
(724,5.7459407638188856E-5)
(9624,5.7459407638188856E-5)
(2924,5.7459407638188856E-5)
(7524,5.7459407638188856E-5)
(4024,5.7459407638188856E-5)
(2024,5.7459407638188856E-5)
(8024,5.7459407638188856E-5)
(5624,5.7459407638188856E-5)
(1524,5.7459407638188856E-5)
(8624,5.7459407638188856E-5)
(4124,5.7459407638188856E-5)
(5424,5.7459407638188856E-5)
(1024,5.7459407638188856E-5)
(6124,5.7459407638188856E-5)
(124,5.7459407638188856E-5)
(9824,5.7459407638188856E-5)
(9024,5.7459407638188856E-5)
(3624,5.7459407638188856E-5)
(9924,5.7459407638188856E-5)
(7724,5.7459407638188856E-5)
(7624,5.7459407638188856E-5)
(6924,5.7459407638188856E-5)
(1424,5.7459407638188856E-5)
(5724,5.7459407638188856E-5)
(3524,5.7459407638188856E-5)
