(4977,1.4476508110730947E-4)
(2577,1.4476508110730947E-4)
(1277,1.4476508110730947E-4)
(5477,1.4476508110730947E-4)
(2077,1.4476508110730947E-4)
(5177,1.4476508110730947E-4)
(2677,1.4476508110730947E-4)
(7377,1.4476508110730947E-4)
(8077,1.4476508110730947E-4)
(8277,1.4476508110730947E-4)
(4677,1.4476508110730947E-4)
(7177,1.4476508110730947E-4)
(8677,1.4476508110730947E-4)
(3377,1.4476508110730947E-4)
(3877,1.4476508110730947E-4)
(8577,1.4476508110730947E-4)
(3777,1.4476508110730947E-4)
(8477,1.4476508110730947E-4)
(3577,1.4476508110730947E-4)
(2877,1.4476508110730947E-4)
(5277,1.4476508110730947E-4)
(6277,1.4476508110730947E-4)
(4077,1.4476508110730947E-4)
(2977,1.4476508110730947E-4)
(977,1.4476508110730947E-4)
(7477,1.4476508110730947E-4)
(9977,1.4476508110730947E-4)
(6177,1.4476508110730947E-4)
(277,1.4476508110730947E-4)
(577,1.4476508110730947E-4)
(7577,1.4476508110730947E-4)
(77,1.4476508110730947E-4)
(2377,1.4476508110730947E-4)
(2477,1.4476508110730947E-4)
(6777,1.4476508110730947E-4)
(5077,1.4476508110730947E-4)
(3277,1.4476508110730947E-4)
(677,1.4476508110730947E-4)
(1577,1.4476508110730947E-4)
(5577,1.4476508110730947E-4)
(877,1.4476508110730947E-4)
(3477,1.4476508110730947E-4)
(3077,1.4476508110730947E-4)
(9277,1.4476508110730947E-4)
(1677,1.4476508110730947E-4)
(9177,1.4476508110730947E-4)
(8877,1.4476508110730947E-4)
(4477,1.4476508110730947E-4)
(177,1.4476508110730947E-4)
(4877,1.4476508110730947E-4)
(5977,1.4476508110730947E-4)
(6377,1.4476508110730947E-4)
(8177,1.4476508110730947E-4)
(1377,1.4476508110730947E-4)
(7977,1.4476508110730947E-4)
(8377,1.4476508110730947E-4)
(4777,1.4476508110730947E-4)
(477,1.4476508110730947E-4)
(9377,1.4476508110730947E-4)
(5377,1.4476508110730947E-4)
(3177,1.4476508110730947E-4)
(7077,1.4476508110730947E-4)
(1177,1.4476508110730947E-4)
(7677,1.4476508110730947E-4)
(1477,1.4476508110730947E-4)
(8977,1.4476508110730947E-4)
(4577,1.4476508110730947E-4)
(9877,1.4476508110730947E-4)
(2777,1.4476508110730947E-4)
(6077,1.4476508110730947E-4)
(9777,1.4476508110730947E-4)
(6577,1.4476508110730947E-4)
(7877,1.4476508110730947E-4)
(5877,1.4476508110730947E-4)
(4377,1.4476508110730947E-4)
(2277,1.4476508110730947E-4)
(1077,1.4476508110730947E-4)
(6477,1.4476508110730947E-4)
(4177,1.4476508110730947E-4)
(7777,1.4476508110730947E-4)
(8777,1.4476508110730947E-4)
(3977,1.4476508110730947E-4)
(7277,1.4476508110730947E-4)
(9677,1.4476508110730947E-4)
(3677,1.4476508110730947E-4)
(6677,1.4476508110730947E-4)
(6977,1.4476508110730947E-4)
(9577,1.4476508110730947E-4)
(6877,1.4476508110730947E-4)
(777,1.4476508110730947E-4)
(1977,1.4476508110730947E-4)
(1877,1.4476508110730947E-4)
(1777,1.4476508110730947E-4)
(5777,1.4476508110730947E-4)
(377,1.4476508110730947E-4)
(9077,1.4476508110730947E-4)
(2177,1.4476508110730947E-4)
(4277,1.4476508110730947E-4)
(9477,1.4476508110730947E-4)
(5677,1.4476508110730947E-4)
