(8056,1.1554962579060513E-4)
(4056,1.1554962579060513E-4)
(8956,1.1554962579060513E-4)
(3456,1.1554962579060513E-4)
(5556,1.1554962579060513E-4)
(5156,1.1554962579060513E-4)
(856,1.1554962579060513E-4)
(5656,1.1554962579060513E-4)
(5856,1.1554962579060513E-4)
(8856,1.1554962579060513E-4)
(5956,1.1554962579060513E-4)
(3156,1.1554962579060513E-4)
(2356,1.1554962579060513E-4)
(8156,1.1554962579060513E-4)
(5256,1.1554962579060513E-4)
(6156,1.1554962579060513E-4)
(1056,1.1554962579060513E-4)
(2256,1.1554962579060513E-4)
(2956,1.1554962579060513E-4)
(956,1.1554962579060513E-4)
(5756,1.1554962579060513E-4)
(8756,1.1554962579060513E-4)
(9856,1.1554962579060513E-4)
(256,1.1554962579060513E-4)
(4756,1.1554962579060513E-4)
(5356,1.1554962579060513E-4)
(7456,1.1554962579060513E-4)
(2056,1.1554962579060513E-4)
(9056,1.1554962579060513E-4)
(1356,1.1554962579060513E-4)
(3256,1.1554962579060513E-4)
(9156,1.1554962579060513E-4)
(3356,1.1554962579060513E-4)
(9256,1.1554962579060513E-4)
(6356,1.1554962579060513E-4)
(7556,1.1554962579060513E-4)
(1456,1.1554962579060513E-4)
(9556,1.1554962579060513E-4)
(1756,1.1554962579060513E-4)
(1956,1.1554962579060513E-4)
(8556,1.1554962579060513E-4)
(4256,1.1554962579060513E-4)
(3656,1.1554962579060513E-4)
(6256,1.1554962579060513E-4)
(9956,1.1554962579060513E-4)
(6956,1.1554962579060513E-4)
(6856,1.1554962579060513E-4)
(2156,1.1554962579060513E-4)
(2656,1.1554962579060513E-4)
(5456,1.1554962579060513E-4)
(3556,1.1554962579060513E-4)
(556,1.1554962579060513E-4)
(4356,1.1554962579060513E-4)
(4956,1.1554962579060513E-4)
(7856,1.1554962579060513E-4)
(1856,1.1554962579060513E-4)
(156,1.1554962579060513E-4)
(4156,1.1554962579060513E-4)
(5056,1.1554962579060513E-4)
(7256,1.1554962579060513E-4)
(2756,1.1554962579060513E-4)
(456,1.1554962579060513E-4)
(9456,1.1554962579060513E-4)
(4656,1.1554962579060513E-4)
(6756,1.1554962579060513E-4)
(8656,1.1554962579060513E-4)
(1156,1.1554962579060513E-4)
(7056,1.1554962579060513E-4)
(7656,1.1554962579060513E-4)
(8256,1.1554962579060513E-4)
(6056,1.1554962579060513E-4)
(2856,1.1554962579060513E-4)
(3056,1.1554962579060513E-4)
(9756,1.1554962579060513E-4)
(1256,1.1554962579060513E-4)
(7956,1.1554962579060513E-4)
(9356,1.1554962579060513E-4)
(56,1.1554962579060513E-4)
(2456,1.1554962579060513E-4)
(3756,1.1554962579060513E-4)
(1556,1.1554962579060513E-4)
(756,1.1554962579060513E-4)
(4856,1.1554962579060513E-4)
(6456,1.1554962579060513E-4)
(1656,1.1554962579060513E-4)
(8456,1.1554962579060513E-4)
(6656,1.1554962579060513E-4)
(4556,1.1554962579060513E-4)
(4456,1.1554962579060513E-4)
(7756,1.1554962579060513E-4)
(7156,1.1554962579060513E-4)
(9656,1.1554962579060513E-4)
(3856,1.1554962579060513E-4)
(7356,1.1554962579060513E-4)
(6556,1.1554962579060513E-4)
(3956,1.1554962579060513E-4)
(8356,1.1554962579060513E-4)
(356,1.1554962579060513E-4)
(656,1.1554962579060513E-4)
(2556,1.1554962579060513E-4)
