(2423,5.532918788514922E-5)
(3223,5.532918788514922E-5)
(3923,5.532918788514922E-5)
(9323,5.532918788514922E-5)
(9023,5.532918788514922E-5)
(4823,5.532918788514922E-5)
(723,5.532918788514922E-5)
(8923,5.532918788514922E-5)
(9123,5.532918788514922E-5)
(9223,5.532918788514922E-5)
(7023,5.532918788514922E-5)
(4223,5.532918788514922E-5)
(4523,5.532918788514922E-5)
(6023,5.532918788514922E-5)
(9823,5.532918788514922E-5)
(1923,5.532918788514922E-5)
(1523,5.532918788514922E-5)
(6923,5.532918788514922E-5)
(2623,5.532918788514922E-5)
(1723,5.532918788514922E-5)
(7623,5.532918788514922E-5)
(623,5.532918788514922E-5)
(3023,5.532918788514922E-5)
(6523,5.532918788514922E-5)
(6823,5.532918788514922E-5)
(8723,5.532918788514922E-5)
(5023,5.532918788514922E-5)
(5523,5.532918788514922E-5)
(5323,5.532918788514922E-5)
(1323,5.532918788514922E-5)
(2823,5.532918788514922E-5)
(3423,5.532918788514922E-5)
(7523,5.532918788514922E-5)
(4623,5.532918788514922E-5)
(2323,5.532918788514922E-5)
(3723,5.532918788514922E-5)
(7123,5.532918788514922E-5)
(1623,5.532918788514922E-5)
(7223,5.532918788514922E-5)
(23,5.532918788514922E-5)
(7923,5.532918788514922E-5)
(6223,5.532918788514922E-5)
(6723,5.532918788514922E-5)
(123,5.532918788514922E-5)
(3323,5.532918788514922E-5)
(2723,5.532918788514922E-5)
(5623,5.532918788514922E-5)
(3823,5.532918788514922E-5)
(5423,5.532918788514922E-5)
(3523,5.532918788514922E-5)
(6123,5.532918788514922E-5)
(8623,5.532918788514922E-5)
(1223,5.532918788514922E-5)
(7823,5.532918788514922E-5)
(9623,5.532918788514922E-5)
(323,5.532918788514922E-5)
(1023,5.532918788514922E-5)
(1823,5.532918788514922E-5)
(2123,5.532918788514922E-5)
(9523,5.532918788514922E-5)
(923,5.532918788514922E-5)
(3123,5.532918788514922E-5)
(2523,5.532918788514922E-5)
(4123,5.532918788514922E-5)
(5123,5.532918788514922E-5)
(7323,5.532918788514922E-5)
(523,5.532918788514922E-5)
(2223,5.532918788514922E-5)
(3623,5.532918788514922E-5)
(423,5.532918788514922E-5)
(1423,5.532918788514922E-5)
(6323,5.532918788514922E-5)
(9723,5.532918788514922E-5)
(5923,5.532918788514922E-5)
(5223,5.532918788514922E-5)
(8523,5.532918788514922E-5)
(6423,5.532918788514922E-5)
(7423,5.532918788514922E-5)
(2023,5.532918788514922E-5)
(823,5.532918788514922E-5)
(2923,5.532918788514922E-5)
(5723,5.532918788514922E-5)
(4023,5.532918788514922E-5)
(4323,5.532918788514922E-5)
(8423,5.532918788514922E-5)
(4923,5.532918788514922E-5)
(8123,5.532918788514922E-5)
(8323,5.532918788514922E-5)
(4423,5.532918788514922E-5)
(8823,5.532918788514922E-5)
(6623,5.532918788514922E-5)
(9923,5.532918788514922E-5)
(223,5.532918788514922E-5)
(8023,5.532918788514922E-5)
(9423,5.532918788514922E-5)
(4723,5.532918788514922E-5)
(8223,5.532918788514922E-5)
(5823,5.532918788514922E-5)
(7723,5.532918788514922E-5)
(1123,5.532918788514922E-5)
