(609,2.3169482802656162E-5)
(9909,2.3169482802656162E-5)
(9709,2.3169482802656162E-5)
(5409,2.3169482802656162E-5)
(3209,2.3169482802656162E-5)
(5709,2.3169482802656162E-5)
(8709,2.3169482802656162E-5)
(7509,2.3169482802656162E-5)
(6109,2.3169482802656162E-5)
(909,2.3169482802656162E-5)
(6209,2.3169482802656162E-5)
(7309,2.3169482802656162E-5)
(8409,2.3169482802656162E-5)
(6609,2.3169482802656162E-5)
(8809,2.3169482802656162E-5)
(5809,2.3169482802656162E-5)
(3809,2.3169482802656162E-5)
(3509,2.3169482802656162E-5)
(5009,2.3169482802656162E-5)
(2109,2.3169482802656162E-5)
(6909,2.3169482802656162E-5)
(8209,2.3169482802656162E-5)
(8009,2.3169482802656162E-5)
(3409,2.3169482802656162E-5)
(309,2.3169482802656162E-5)
(9509,2.3169482802656162E-5)
(8309,2.3169482802656162E-5)
(5909,2.3169482802656162E-5)
(2209,2.3169482802656162E-5)
(7109,2.3169482802656162E-5)
(5109,2.3169482802656162E-5)
(9309,2.3169482802656162E-5)
(409,2.3169482802656162E-5)
(1609,2.3169482802656162E-5)
(7709,2.3169482802656162E-5)
(5609,2.3169482802656162E-5)
(509,2.3169482802656162E-5)
(4609,2.3169482802656162E-5)
(709,2.3169482802656162E-5)
(1809,2.3169482802656162E-5)
(3009,2.3169482802656162E-5)
(4509,2.3169482802656162E-5)
(1409,2.3169482802656162E-5)
(7409,2.3169482802656162E-5)
(7009,2.3169482802656162E-5)
(8609,2.3169482802656162E-5)
(5509,2.3169482802656162E-5)
(1109,2.3169482802656162E-5)
(8109,2.3169482802656162E-5)
(7609,2.3169482802656162E-5)
(4009,2.3169482802656162E-5)
(6509,2.3169482802656162E-5)
(1309,2.3169482802656162E-5)
(809,2.3169482802656162E-5)
(9409,2.3169482802656162E-5)
(9109,2.3169482802656162E-5)
(4109,2.3169482802656162E-5)
(7809,2.3169482802656162E-5)
(4809,2.3169482802656162E-5)
(2709,2.3169482802656162E-5)
(4409,2.3169482802656162E-5)
(5209,2.3169482802656162E-5)
(6709,2.3169482802656162E-5)
(6009,2.3169482802656162E-5)
(2809,2.3169482802656162E-5)
(8509,2.3169482802656162E-5)
(8909,2.3169482802656162E-5)
(9809,2.3169482802656162E-5)
(2909,2.3169482802656162E-5)
(4309,2.3169482802656162E-5)
(4209,2.3169482802656162E-5)
(1509,2.3169482802656162E-5)
(2009,2.3169482802656162E-5)
(2609,2.3169482802656162E-5)
(9,2.3169482802656162E-5)
(1009,2.3169482802656162E-5)
(3109,2.3169482802656162E-5)
(6809,2.3169482802656162E-5)
(3909,2.3169482802656162E-5)
(109,2.3169482802656162E-5)
(4909,2.3169482802656162E-5)
(4709,2.3169482802656162E-5)
(6409,2.3169482802656162E-5)
(7909,2.3169482802656162E-5)
(5309,2.3169482802656162E-5)
(1709,2.3169482802656162E-5)
(1909,2.3169482802656162E-5)
(3709,2.3169482802656162E-5)
(2409,2.3169482802656162E-5)
(2509,2.3169482802656162E-5)
(3309,2.3169482802656162E-5)
(9209,2.3169482802656162E-5)
(9609,2.3169482802656162E-5)
(6309,2.3169482802656162E-5)
(2309,2.3169482802656162E-5)
(3609,2.3169482802656162E-5)
(9009,2.3169482802656162E-5)
(1209,2.3169482802656162E-5)
(7209,2.3169482802656162E-5)
(209,2.3169482802656162E-5)
