(5394,1.643293678820526E-4)
(5594,1.643293678820526E-4)
(4894,1.643293678820526E-4)
(1994,1.643293678820526E-4)
(6094,1.643293678820526E-4)
(1894,1.643293678820526E-4)
(1494,1.643293678820526E-4)
(8894,1.643293678820526E-4)
(6194,1.643293678820526E-4)
(2694,1.643293678820526E-4)
(5194,1.643293678820526E-4)
(6694,1.643293678820526E-4)
(9294,1.643293678820526E-4)
(3594,1.643293678820526E-4)
(2094,1.643293678820526E-4)
(94,1.643293678820526E-4)
(1794,1.643293678820526E-4)
(2594,1.643293678820526E-4)
(3794,1.643293678820526E-4)
(4494,1.643293678820526E-4)
(9394,1.643293678820526E-4)
(4194,1.643293678820526E-4)
(1094,1.643293678820526E-4)
(4294,1.643293678820526E-4)
(4594,1.643293678820526E-4)
(8694,1.643293678820526E-4)
(994,1.643293678820526E-4)
(7294,1.643293678820526E-4)
(4694,1.643293678820526E-4)
(5794,1.643293678820526E-4)
(194,1.643293678820526E-4)
(1294,1.643293678820526E-4)
(9894,1.643293678820526E-4)
(2194,1.643293678820526E-4)
(7694,1.643293678820526E-4)
(5094,1.643293678820526E-4)
(594,1.643293678820526E-4)
(2794,1.643293678820526E-4)
(4094,1.643293678820526E-4)
(9194,1.643293678820526E-4)
(7394,1.643293678820526E-4)
(5894,1.643293678820526E-4)
(3494,1.643293678820526E-4)
(1594,1.643293678820526E-4)
(4994,1.643293678820526E-4)
(6894,1.643293678820526E-4)
(6994,1.643293678820526E-4)
(8394,1.643293678820526E-4)
(8094,1.643293678820526E-4)
(5294,1.643293678820526E-4)
(6394,1.643293678820526E-4)
(2894,1.643293678820526E-4)
(9794,1.643293678820526E-4)
(7594,1.643293678820526E-4)
(6294,1.643293678820526E-4)
(1694,1.643293678820526E-4)
(9594,1.643293678820526E-4)
(894,1.643293678820526E-4)
(1394,1.643293678820526E-4)
(9994,1.643293678820526E-4)
(294,1.643293678820526E-4)
(8994,1.643293678820526E-4)
(9494,1.643293678820526E-4)
(5694,1.643293678820526E-4)
(9094,1.643293678820526E-4)
(4794,1.643293678820526E-4)
(3294,1.643293678820526E-4)
(7894,1.643293678820526E-4)
(7794,1.643293678820526E-4)
(7094,1.643293678820526E-4)
(8194,1.643293678820526E-4)
(494,1.643293678820526E-4)
(6494,1.643293678820526E-4)
(7494,1.643293678820526E-4)
(694,1.643293678820526E-4)
(7994,1.643293678820526E-4)
(1194,1.643293678820526E-4)
(394,1.643293678820526E-4)
(9694,1.643293678820526E-4)
(8794,1.643293678820526E-4)
(8494,1.643293678820526E-4)
(3394,1.643293678820526E-4)
(3694,1.643293678820526E-4)
(6594,1.643293678820526E-4)
(8594,1.643293678820526E-4)
(794,1.643293678820526E-4)
(5494,1.643293678820526E-4)
(4394,1.643293678820526E-4)
(5994,1.643293678820526E-4)
(2394,1.643293678820526E-4)
(2294,1.643293678820526E-4)
(2994,1.643293678820526E-4)
(2494,1.643293678820526E-4)
(3894,1.643293678820526E-4)
(7194,1.643293678820526E-4)
(3194,1.643293678820526E-4)
(3994,1.643293678820526E-4)
(6794,1.643293678820526E-4)
(8294,1.643293678820526E-4)
(3094,1.643293678820526E-4)
