(4685,1.5438448740515267E-4)
(5685,1.5438448740515267E-4)
(6485,1.5438448740515267E-4)
(8285,1.5438448740515267E-4)
(1685,1.5438448740515267E-4)
(9285,1.5438448740515267E-4)
(4285,1.5438448740515267E-4)
(8385,1.5438448740515267E-4)
(685,1.5438448740515267E-4)
(3085,1.5438448740515267E-4)
(7785,1.5438448740515267E-4)
(9385,1.5438448740515267E-4)
(3185,1.5438448740515267E-4)
(185,1.5438448740515267E-4)
(1785,1.5438448740515267E-4)
(2785,1.5438448740515267E-4)
(6085,1.5438448740515267E-4)
(6385,1.5438448740515267E-4)
(4085,1.5438448740515267E-4)
(7985,1.5438448740515267E-4)
(4985,1.5438448740515267E-4)
(7285,1.5438448740515267E-4)
(9085,1.5438448740515267E-4)
(7485,1.5438448740515267E-4)
(6285,1.5438448740515267E-4)
(9185,1.5438448740515267E-4)
(4185,1.5438448740515267E-4)
(1885,1.5438448740515267E-4)
(3985,1.5438448740515267E-4)
(1485,1.5438448740515267E-4)
(985,1.5438448740515267E-4)
(7685,1.5438448740515267E-4)
(7885,1.5438448740515267E-4)
(2385,1.5438448740515267E-4)
(5585,1.5438448740515267E-4)
(7385,1.5438448740515267E-4)
(3385,1.5438448740515267E-4)
(9585,1.5438448740515267E-4)
(8585,1.5438448740515267E-4)
(8085,1.5438448740515267E-4)
(3285,1.5438448740515267E-4)
(85,1.5438448740515267E-4)
(4485,1.5438448740515267E-4)
(5485,1.5438448740515267E-4)
(785,1.5438448740515267E-4)
(6785,1.5438448740515267E-4)
(8985,1.5438448740515267E-4)
(2685,1.5438448740515267E-4)
(2985,1.5438448740515267E-4)
(5185,1.5438448740515267E-4)
(3485,1.5438448740515267E-4)
(9685,1.5438448740515267E-4)
(7085,1.5438448740515267E-4)
(885,1.5438448740515267E-4)
(2285,1.5438448740515267E-4)
(2485,1.5438448740515267E-4)
(7585,1.5438448740515267E-4)
(4585,1.5438448740515267E-4)
(5085,1.5438448740515267E-4)
(285,1.5438448740515267E-4)
(385,1.5438448740515267E-4)
(3785,1.5438448740515267E-4)
(5385,1.5438448740515267E-4)
(2085,1.5438448740515267E-4)
(1185,1.5438448740515267E-4)
(6185,1.5438448740515267E-4)
(4385,1.5438448740515267E-4)
(5285,1.5438448740515267E-4)
(8785,1.5438448740515267E-4)
(1085,1.5438448740515267E-4)
(8485,1.5438448740515267E-4)
(5985,1.5438448740515267E-4)
(9485,1.5438448740515267E-4)
(1385,1.5438448740515267E-4)
(8685,1.5438448740515267E-4)
(485,1.5438448740515267E-4)
(5885,1.5438448740515267E-4)
(2585,1.5438448740515267E-4)
(3885,1.5438448740515267E-4)
(2185,1.5438448740515267E-4)
(585,1.5438448740515267E-4)
(6885,1.5438448740515267E-4)
(7185,1.5438448740515267E-4)
(8885,1.5438448740515267E-4)
(1285,1.5438448740515267E-4)
(1985,1.5438448740515267E-4)
(4785,1.5438448740515267E-4)
(2885,1.5438448740515267E-4)
(9985,1.5438448740515267E-4)
(3685,1.5438448740515267E-4)
(9885,1.5438448740515267E-4)
(6685,1.5438448740515267E-4)
(1585,1.5438448740515267E-4)
(4885,1.5438448740515267E-4)
(6985,1.5438448740515267E-4)
(3585,1.5438448740515267E-4)
(6585,1.5438448740515267E-4)
(5785,1.5438448740515267E-4)
(9785,1.5438448740515267E-4)
(8185,1.5438448740515267E-4)
