(3588,1.5779887992895558E-4)
(8588,1.5779887992895558E-4)
(9988,1.5779887992895558E-4)
(2488,1.5779887992895558E-4)
(1388,1.5779887992895558E-4)
(3488,1.5779887992895558E-4)
(6388,1.5779887992895558E-4)
(3688,1.5779887992895558E-4)
(6588,1.5779887992895558E-4)
(7388,1.5779887992895558E-4)
(5888,1.5779887992895558E-4)
(4288,1.5779887992895558E-4)
(4088,1.5779887992895558E-4)
(9588,1.5779887992895558E-4)
(4588,1.5779887992895558E-4)
(7788,1.5779887992895558E-4)
(7988,1.5779887992895558E-4)
(7688,1.5779887992895558E-4)
(9388,1.5779887992895558E-4)
(288,1.5779887992895558E-4)
(7088,1.5779887992895558E-4)
(3788,1.5779887992895558E-4)
(888,1.5779887992895558E-4)
(1788,1.5779887992895558E-4)
(9788,1.5779887992895558E-4)
(1188,1.5779887992895558E-4)
(1588,1.5779887992895558E-4)
(588,1.5779887992895558E-4)
(8088,1.5779887992895558E-4)
(2888,1.5779887992895558E-4)
(7188,1.5779887992895558E-4)
(3988,1.5779887992895558E-4)
(8688,1.5779887992895558E-4)
(5188,1.5779887992895558E-4)
(9088,1.5779887992895558E-4)
(8288,1.5779887992895558E-4)
(1988,1.5779887992895558E-4)
(4488,1.5779887992895558E-4)
(8988,1.5779887992895558E-4)
(9488,1.5779887992895558E-4)
(1688,1.5779887992895558E-4)
(2188,1.5779887992895558E-4)
(6688,1.5779887992895558E-4)
(9188,1.5779887992895558E-4)
(9288,1.5779887992895558E-4)
(6988,1.5779887992895558E-4)
(388,1.5779887992895558E-4)
(1888,1.5779887992895558E-4)
(2688,1.5779887992895558E-4)
(5088,1.5779887992895558E-4)
(8188,1.5779887992895558E-4)
(2388,1.5779887992895558E-4)
(4788,1.5779887992895558E-4)
(6088,1.5779887992895558E-4)
(5588,1.5779887992895558E-4)
(5988,1.5779887992895558E-4)
(4988,1.5779887992895558E-4)
(188,1.5779887992895558E-4)
(3388,1.5779887992895558E-4)
(1488,1.5779887992895558E-4)
(4188,1.5779887992895558E-4)
(7888,1.5779887992895558E-4)
(8388,1.5779887992895558E-4)
(2988,1.5779887992895558E-4)
(988,1.5779887992895558E-4)
(688,1.5779887992895558E-4)
(788,1.5779887992895558E-4)
(9688,1.5779887992895558E-4)
(5288,1.5779887992895558E-4)
(2088,1.5779887992895558E-4)
(6888,1.5779887992895558E-4)
(5388,1.5779887992895558E-4)
(5788,1.5779887992895558E-4)
(4388,1.5779887992895558E-4)
(7588,1.5779887992895558E-4)
(6288,1.5779887992895558E-4)
(3088,1.5779887992895558E-4)
(8788,1.5779887992895558E-4)
(9888,1.5779887992895558E-4)
(1288,1.5779887992895558E-4)
(1088,1.5779887992895558E-4)
(7488,1.5779887992895558E-4)
(4888,1.5779887992895558E-4)
(3188,1.5779887992895558E-4)
(8488,1.5779887992895558E-4)
(7288,1.5779887992895558E-4)
(3288,1.5779887992895558E-4)
(5688,1.5779887992895558E-4)
(6188,1.5779887992895558E-4)
(8888,1.5779887992895558E-4)
(488,1.5779887992895558E-4)
(2288,1.5779887992895558E-4)
(2588,1.5779887992895558E-4)
(2788,1.5779887992895558E-4)
(3888,1.5779887992895558E-4)
(88,1.5779887992895558E-4)
(5488,1.5779887992895558E-4)
(6488,1.5779887992895558E-4)
(6788,1.5779887992895558E-4)
(4688,1.5779887992895558E-4)
