(5416,3.980910853811618E-5)
(7916,3.980910853811618E-5)
(6716,3.980910853811618E-5)
(3016,3.980910853811618E-5)
(5816,3.980910853811618E-5)
(4916,3.980910853811618E-5)
(7616,3.980910853811618E-5)
(8516,3.980910853811618E-5)
(3216,3.980910853811618E-5)
(5316,3.980910853811618E-5)
(2016,3.980910853811618E-5)
(316,3.980910853811618E-5)
(2616,3.980910853811618E-5)
(2316,3.980910853811618E-5)
(4716,3.980910853811618E-5)
(9416,3.980910853811618E-5)
(3416,3.980910853811618E-5)
(816,3.980910853811618E-5)
(1416,3.980910853811618E-5)
(8016,3.980910853811618E-5)
(2816,3.980910853811618E-5)
(4016,3.980910853811618E-5)
(7416,3.980910853811618E-5)
(2716,3.980910853811618E-5)
(9316,3.980910853811618E-5)
(7716,3.980910853811618E-5)
(6216,3.980910853811618E-5)
(7816,3.980910853811618E-5)
(5916,3.980910853811618E-5)
(4116,3.980910853811618E-5)
(9216,3.980910853811618E-5)
(616,3.980910853811618E-5)
(1916,3.980910853811618E-5)
(9616,3.980910853811618E-5)
(9816,3.980910853811618E-5)
(3916,3.980910853811618E-5)
(9516,3.980910853811618E-5)
(916,3.980910853811618E-5)
(4516,3.980910853811618E-5)
(7016,3.980910853811618E-5)
(3316,3.980910853811618E-5)
(8116,3.980910853811618E-5)
(1716,3.980910853811618E-5)
(5016,3.980910853811618E-5)
(5716,3.980910853811618E-5)
(516,3.980910853811618E-5)
(2116,3.980910853811618E-5)
(1816,3.980910853811618E-5)
(6516,3.980910853811618E-5)
(1216,3.980910853811618E-5)
(9916,3.980910853811618E-5)
(1016,3.980910853811618E-5)
(2916,3.980910853811618E-5)
(7516,3.980910853811618E-5)
(16,3.980910853811618E-5)
(6016,3.980910853811618E-5)
(6316,3.980910853811618E-5)
(7116,3.980910853811618E-5)
(216,3.980910853811618E-5)
(1316,3.980910853811618E-5)
(3116,3.980910853811618E-5)
(7316,3.980910853811618E-5)
(6816,3.980910853811618E-5)
(8216,3.980910853811618E-5)
(3816,3.980910853811618E-5)
(4216,3.980910853811618E-5)
(5616,3.980910853811618E-5)
(4816,3.980910853811618E-5)
(416,3.980910853811618E-5)
(9116,3.980910853811618E-5)
(6916,3.980910853811618E-5)
(716,3.980910853811618E-5)
(3716,3.980910853811618E-5)
(1616,3.980910853811618E-5)
(5216,3.980910853811618E-5)
(2216,3.980910853811618E-5)
(6416,3.980910853811618E-5)
(4416,3.980910853811618E-5)
(9716,3.980910853811618E-5)
(1516,3.980910853811618E-5)
(9016,3.980910853811618E-5)
(5516,3.980910853811618E-5)
(116,3.980910853811618E-5)
(2416,3.980910853811618E-5)
(1116,3.980910853811618E-5)
(4616,3.980910853811618E-5)
(3516,3.980910853811618E-5)
(6116,3.980910853811618E-5)
(5116,3.980910853811618E-5)
(8416,3.980910853811618E-5)
(8316,3.980910853811618E-5)
(8616,3.980910853811618E-5)
(8916,3.980910853811618E-5)
(7216,3.980910853811618E-5)
(2516,3.980910853811618E-5)
(8716,3.980910853811618E-5)
(3616,3.980910853811618E-5)
(4316,3.980910853811618E-5)
(6616,3.980910853811618E-5)
(8816,3.980910853811618E-5)
