(9278,1.460097969670604E-4)
(7978,1.460097969670604E-4)
(2578,1.460097969670604E-4)
(7178,1.460097969670604E-4)
(1478,1.460097969670604E-4)
(7878,1.460097969670604E-4)
(1178,1.460097969670604E-4)
(8978,1.460097969670604E-4)
(2378,1.460097969670604E-4)
(7478,1.460097969670604E-4)
(2078,1.460097969670604E-4)
(4078,1.460097969670604E-4)
(278,1.460097969670604E-4)
(8778,1.460097969670604E-4)
(5978,1.460097969670604E-4)
(4778,1.460097969670604E-4)
(4278,1.460097969670604E-4)
(8078,1.460097969670604E-4)
(2678,1.460097969670604E-4)
(4378,1.460097969670604E-4)
(4878,1.460097969670604E-4)
(6778,1.460097969670604E-4)
(8678,1.460097969670604E-4)
(2778,1.460097969670604E-4)
(6478,1.460097969670604E-4)
(9378,1.460097969670604E-4)
(6378,1.460097969670604E-4)
(3978,1.460097969670604E-4)
(6278,1.460097969670604E-4)
(578,1.460097969670604E-4)
(6178,1.460097969670604E-4)
(678,1.460097969670604E-4)
(9678,1.460097969670604E-4)
(7578,1.460097969670604E-4)
(2178,1.460097969670604E-4)
(8278,1.460097969670604E-4)
(5678,1.460097969670604E-4)
(378,1.460097969670604E-4)
(8478,1.460097969670604E-4)
(6878,1.460097969670604E-4)
(6678,1.460097969670604E-4)
(1778,1.460097969670604E-4)
(2978,1.460097969670604E-4)
(4978,1.460097969670604E-4)
(878,1.460097969670604E-4)
(6978,1.460097969670604E-4)
(1878,1.460097969670604E-4)
(5178,1.460097969670604E-4)
(9878,1.460097969670604E-4)
(1278,1.460097969670604E-4)
(5278,1.460097969670604E-4)
(3778,1.460097969670604E-4)
(3378,1.460097969670604E-4)
(5378,1.460097969670604E-4)
(9978,1.460097969670604E-4)
(9778,1.460097969670604E-4)
(8178,1.460097969670604E-4)
(1978,1.460097969670604E-4)
(8578,1.460097969670604E-4)
(5078,1.460097969670604E-4)
(7778,1.460097969670604E-4)
(6578,1.460097969670604E-4)
(3678,1.460097969670604E-4)
(6078,1.460097969670604E-4)
(7678,1.460097969670604E-4)
(978,1.460097969670604E-4)
(7278,1.460097969670604E-4)
(3078,1.460097969670604E-4)
(3878,1.460097969670604E-4)
(7078,1.460097969670604E-4)
(8878,1.460097969670604E-4)
(1078,1.460097969670604E-4)
(9478,1.460097969670604E-4)
(78,1.460097969670604E-4)
(178,1.460097969670604E-4)
(4178,1.460097969670604E-4)
(9178,1.460097969670604E-4)
(2478,1.460097969670604E-4)
(3578,1.460097969670604E-4)
(8378,1.460097969670604E-4)
(1678,1.460097969670604E-4)
(4478,1.460097969670604E-4)
(2878,1.460097969670604E-4)
(1378,1.460097969670604E-4)
(5778,1.460097969670604E-4)
(3278,1.460097969670604E-4)
(2278,1.460097969670604E-4)
(5878,1.460097969670604E-4)
(3478,1.460097969670604E-4)
(1578,1.460097969670604E-4)
(5478,1.460097969670604E-4)
(4678,1.460097969670604E-4)
(4578,1.460097969670604E-4)
(5578,1.460097969670604E-4)
(478,1.460097969670604E-4)
(9578,1.460097969670604E-4)
(7378,1.460097969670604E-4)
(9078,1.460097969670604E-4)
(3178,1.460097969670604E-4)
(778,1.460097969670604E-4)
