(6881,1.496704878977994E-4)
(3181,1.496704878977994E-4)
(6981,1.496704878977994E-4)
(6481,1.496704878977994E-4)
(6081,1.496704878977994E-4)
(9981,1.496704878977994E-4)
(3781,1.496704878977994E-4)
(2381,1.496704878977994E-4)
(6181,1.496704878977994E-4)
(2881,1.496704878977994E-4)
(9181,1.496704878977994E-4)
(5581,1.496704878977994E-4)
(8881,1.496704878977994E-4)
(9381,1.496704878977994E-4)
(7081,1.496704878977994E-4)
(7181,1.496704878977994E-4)
(4281,1.496704878977994E-4)
(4981,1.496704878977994E-4)
(5081,1.496704878977994E-4)
(6681,1.496704878977994E-4)
(8981,1.496704878977994E-4)
(9781,1.496704878977994E-4)
(981,1.496704878977994E-4)
(481,1.496704878977994E-4)
(8281,1.496704878977994E-4)
(8581,1.496704878977994E-4)
(9281,1.496704878977994E-4)
(1281,1.496704878977994E-4)
(9481,1.496704878977994E-4)
(3481,1.496704878977994E-4)
(5681,1.496704878977994E-4)
(6281,1.496704878977994E-4)
(781,1.496704878977994E-4)
(1881,1.496704878977994E-4)
(4381,1.496704878977994E-4)
(5281,1.496704878977994E-4)
(8481,1.496704878977994E-4)
(8381,1.496704878977994E-4)
(7681,1.496704878977994E-4)
(2581,1.496704878977994E-4)
(681,1.496704878977994E-4)
(4781,1.496704878977994E-4)
(2281,1.496704878977994E-4)
(2081,1.496704878977994E-4)
(8781,1.496704878977994E-4)
(2981,1.496704878977994E-4)
(7981,1.496704878977994E-4)
(1681,1.496704878977994E-4)
(1081,1.496704878977994E-4)
(5781,1.496704878977994E-4)
(8081,1.496704878977994E-4)
(3581,1.496704878977994E-4)
(1381,1.496704878977994E-4)
(3981,1.496704878977994E-4)
(4881,1.496704878977994E-4)
(4481,1.496704878977994E-4)
(381,1.496704878977994E-4)
(81,1.496704878977994E-4)
(5481,1.496704878977994E-4)
(5181,1.496704878977994E-4)
(1481,1.496704878977994E-4)
(5981,1.496704878977994E-4)
(7581,1.496704878977994E-4)
(9081,1.496704878977994E-4)
(7781,1.496704878977994E-4)
(3681,1.496704878977994E-4)
(7881,1.496704878977994E-4)
(581,1.496704878977994E-4)
(5381,1.496704878977994E-4)
(9681,1.496704878977994E-4)
(1181,1.496704878977994E-4)
(7481,1.496704878977994E-4)
(3381,1.496704878977994E-4)
(4181,1.496704878977994E-4)
(1981,1.496704878977994E-4)
(1781,1.496704878977994E-4)
(2781,1.496704878977994E-4)
(9581,1.496704878977994E-4)
(4681,1.496704878977994E-4)
(7281,1.496704878977994E-4)
(3881,1.496704878977994E-4)
(281,1.496704878977994E-4)
(6381,1.496704878977994E-4)
(4581,1.496704878977994E-4)
(8681,1.496704878977994E-4)
(3081,1.496704878977994E-4)
(9881,1.496704878977994E-4)
(3281,1.496704878977994E-4)
(6781,1.496704878977994E-4)
(4081,1.496704878977994E-4)
(181,1.496704878977994E-4)
(2481,1.496704878977994E-4)
(6581,1.496704878977994E-4)
(2681,1.496704878977994E-4)
(1581,1.496704878977994E-4)
(8181,1.496704878977994E-4)
(5881,1.496704878977994E-4)
(2181,1.496704878977994E-4)
(7381,1.496704878977994E-4)
(881,1.496704878977994E-4)
