(5957,1.170836035841848E-4)
(9757,1.170836035841848E-4)
(1857,1.170836035841848E-4)
(8357,1.170836035841848E-4)
(8557,1.170836035841848E-4)
(7057,1.170836035841848E-4)
(8657,1.170836035841848E-4)
(6057,1.170836035841848E-4)
(5557,1.170836035841848E-4)
(8957,1.170836035841848E-4)
(2157,1.170836035841848E-4)
(3957,1.170836035841848E-4)
(157,1.170836035841848E-4)
(2957,1.170836035841848E-4)
(6757,1.170836035841848E-4)
(4457,1.170836035841848E-4)
(957,1.170836035841848E-4)
(5157,1.170836035841848E-4)
(1957,1.170836035841848E-4)
(4157,1.170836035841848E-4)
(5457,1.170836035841848E-4)
(6857,1.170836035841848E-4)
(9257,1.170836035841848E-4)
(3057,1.170836035841848E-4)
(657,1.170836035841848E-4)
(7557,1.170836035841848E-4)
(3357,1.170836035841848E-4)
(8257,1.170836035841848E-4)
(1157,1.170836035841848E-4)
(9457,1.170836035841848E-4)
(2257,1.170836035841848E-4)
(6257,1.170836035841848E-4)
(9857,1.170836035841848E-4)
(9157,1.170836035841848E-4)
(7757,1.170836035841848E-4)
(9357,1.170836035841848E-4)
(4657,1.170836035841848E-4)
(3657,1.170836035841848E-4)
(9557,1.170836035841848E-4)
(3157,1.170836035841848E-4)
(5657,1.170836035841848E-4)
(8457,1.170836035841848E-4)
(5257,1.170836035841848E-4)
(9057,1.170836035841848E-4)
(7957,1.170836035841848E-4)
(6657,1.170836035841848E-4)
(4357,1.170836035841848E-4)
(7357,1.170836035841848E-4)
(2857,1.170836035841848E-4)
(1357,1.170836035841848E-4)
(3857,1.170836035841848E-4)
(757,1.170836035841848E-4)
(4757,1.170836035841848E-4)
(557,1.170836035841848E-4)
(7657,1.170836035841848E-4)
(5057,1.170836035841848E-4)
(7857,1.170836035841848E-4)
(2657,1.170836035841848E-4)
(2757,1.170836035841848E-4)
(8757,1.170836035841848E-4)
(9657,1.170836035841848E-4)
(7257,1.170836035841848E-4)
(57,1.170836035841848E-4)
(5357,1.170836035841848E-4)
(2057,1.170836035841848E-4)
(3757,1.170836035841848E-4)
(3557,1.170836035841848E-4)
(7457,1.170836035841848E-4)
(4557,1.170836035841848E-4)
(7157,1.170836035841848E-4)
(8857,1.170836035841848E-4)
(9957,1.170836035841848E-4)
(1457,1.170836035841848E-4)
(6457,1.170836035841848E-4)
(2557,1.170836035841848E-4)
(2457,1.170836035841848E-4)
(1557,1.170836035841848E-4)
(857,1.170836035841848E-4)
(6557,1.170836035841848E-4)
(1257,1.170836035841848E-4)
(4857,1.170836035841848E-4)
(6957,1.170836035841848E-4)
(5757,1.170836035841848E-4)
(1657,1.170836035841848E-4)
(4257,1.170836035841848E-4)
(4957,1.170836035841848E-4)
(4057,1.170836035841848E-4)
(3457,1.170836035841848E-4)
(257,1.170836035841848E-4)
(2357,1.170836035841848E-4)
(8157,1.170836035841848E-4)
(5857,1.170836035841848E-4)
(8057,1.170836035841848E-4)
(6357,1.170836035841848E-4)
(1757,1.170836035841848E-4)
(357,1.170836035841848E-4)
(6157,1.170836035841848E-4)
(457,1.170836035841848E-4)
(1057,1.170836035841848E-4)
(3257,1.170836035841848E-4)
