(1147,1.0103480187439524E-4)
(2347,1.0103480187439524E-4)
(2647,1.0103480187439524E-4)
(6747,1.0103480187439524E-4)
(7247,1.0103480187439524E-4)
(1547,1.0103480187439524E-4)
(1947,1.0103480187439524E-4)
(5547,1.0103480187439524E-4)
(3047,1.0103480187439524E-4)
(3547,1.0103480187439524E-4)
(8147,1.0103480187439524E-4)
(6547,1.0103480187439524E-4)
(2047,1.0103480187439524E-4)
(6847,1.0103480187439524E-4)
(9847,1.0103480187439524E-4)
(4547,1.0103480187439524E-4)
(247,1.0103480187439524E-4)
(8447,1.0103480187439524E-4)
(7947,1.0103480187439524E-4)
(5147,1.0103480187439524E-4)
(9747,1.0103480187439524E-4)
(2247,1.0103480187439524E-4)
(8747,1.0103480187439524E-4)
(447,1.0103480187439524E-4)
(5747,1.0103480187439524E-4)
(4247,1.0103480187439524E-4)
(6447,1.0103480187439524E-4)
(9547,1.0103480187439524E-4)
(5447,1.0103480187439524E-4)
(1447,1.0103480187439524E-4)
(5247,1.0103480187439524E-4)
(9647,1.0103480187439524E-4)
(1747,1.0103480187439524E-4)
(347,1.0103480187439524E-4)
(2947,1.0103480187439524E-4)
(947,1.0103480187439524E-4)
(3847,1.0103480187439524E-4)
(6947,1.0103480187439524E-4)
(9347,1.0103480187439524E-4)
(9947,1.0103480187439524E-4)
(9147,1.0103480187439524E-4)
(8347,1.0103480187439524E-4)
(2847,1.0103480187439524E-4)
(3647,1.0103480187439524E-4)
(4847,1.0103480187439524E-4)
(8047,1.0103480187439524E-4)
(547,1.0103480187439524E-4)
(2747,1.0103480187439524E-4)
(9047,1.0103480187439524E-4)
(2447,1.0103480187439524E-4)
(7347,1.0103480187439524E-4)
(8547,1.0103480187439524E-4)
(3747,1.0103480187439524E-4)
(6347,1.0103480187439524E-4)
(5647,1.0103480187439524E-4)
(4447,1.0103480187439524E-4)
(5347,1.0103480187439524E-4)
(4147,1.0103480187439524E-4)
(1847,1.0103480187439524E-4)
(647,1.0103480187439524E-4)
(1347,1.0103480187439524E-4)
(8847,1.0103480187439524E-4)
(3247,1.0103480187439524E-4)
(5047,1.0103480187439524E-4)
(4947,1.0103480187439524E-4)
(1647,1.0103480187439524E-4)
(6647,1.0103480187439524E-4)
(7747,1.0103480187439524E-4)
(3347,1.0103480187439524E-4)
(7447,1.0103480187439524E-4)
(4047,1.0103480187439524E-4)
(9247,1.0103480187439524E-4)
(3147,1.0103480187439524E-4)
(3447,1.0103480187439524E-4)
(7047,1.0103480187439524E-4)
(4747,1.0103480187439524E-4)
(47,1.0103480187439524E-4)
(747,1.0103480187439524E-4)
(3947,1.0103480187439524E-4)
(6047,1.0103480187439524E-4)
(8247,1.0103480187439524E-4)
(2547,1.0103480187439524E-4)
(847,1.0103480187439524E-4)
(7647,1.0103480187439524E-4)
(8647,1.0103480187439524E-4)
(8947,1.0103480187439524E-4)
(7547,1.0103480187439524E-4)
(4347,1.0103480187439524E-4)
(6247,1.0103480187439524E-4)
(7847,1.0103480187439524E-4)
(2147,1.0103480187439524E-4)
(5947,1.0103480187439524E-4)
(1047,1.0103480187439524E-4)
(6147,1.0103480187439524E-4)
(9447,1.0103480187439524E-4)
(5847,1.0103480187439524E-4)
(4647,1.0103480187439524E-4)
(7147,1.0103480187439524E-4)
(1247,1.0103480187439524E-4)
(147,1.0103480187439524E-4)
