(2953,1.1085503861715611E-4)
(7053,1.1085503861715611E-4)
(153,1.1085503861715611E-4)
(5153,1.1085503861715611E-4)
(1253,1.1085503861715611E-4)
(8353,1.1085503861715611E-4)
(1053,1.1085503861715611E-4)
(353,1.1085503861715611E-4)
(3053,1.1085503861715611E-4)
(2753,1.1085503861715611E-4)
(6653,1.1085503861715611E-4)
(9753,1.1085503861715611E-4)
(3753,1.1085503861715611E-4)
(5753,1.1085503861715611E-4)
(5453,1.1085503861715611E-4)
(9253,1.1085503861715611E-4)
(6453,1.1085503861715611E-4)
(3353,1.1085503861715611E-4)
(253,1.1085503861715611E-4)
(8253,1.1085503861715611E-4)
(6953,1.1085503861715611E-4)
(7953,1.1085503861715611E-4)
(9353,1.1085503861715611E-4)
(53,1.1085503861715611E-4)
(8953,1.1085503861715611E-4)
(7853,1.1085503861715611E-4)
(8653,1.1085503861715611E-4)
(2853,1.1085503861715611E-4)
(1153,1.1085503861715611E-4)
(3553,1.1085503861715611E-4)
(2653,1.1085503861715611E-4)
(7453,1.1085503861715611E-4)
(5653,1.1085503861715611E-4)
(2053,1.1085503861715611E-4)
(7253,1.1085503861715611E-4)
(5853,1.1085503861715611E-4)
(1853,1.1085503861715611E-4)
(5353,1.1085503861715611E-4)
(8753,1.1085503861715611E-4)
(8553,1.1085503861715611E-4)
(453,1.1085503861715611E-4)
(5553,1.1085503861715611E-4)
(7653,1.1085503861715611E-4)
(7153,1.1085503861715611E-4)
(1553,1.1085503861715611E-4)
(9953,1.1085503861715611E-4)
(1653,1.1085503861715611E-4)
(4253,1.1085503861715611E-4)
(8853,1.1085503861715611E-4)
(3653,1.1085503861715611E-4)
(9153,1.1085503861715611E-4)
(3153,1.1085503861715611E-4)
(953,1.1085503861715611E-4)
(4453,1.1085503861715611E-4)
(7753,1.1085503861715611E-4)
(2153,1.1085503861715611E-4)
(6053,1.1085503861715611E-4)
(653,1.1085503861715611E-4)
(2553,1.1085503861715611E-4)
(4153,1.1085503861715611E-4)
(6853,1.1085503861715611E-4)
(9853,1.1085503861715611E-4)
(8453,1.1085503861715611E-4)
(9653,1.1085503861715611E-4)
(7553,1.1085503861715611E-4)
(3253,1.1085503861715611E-4)
(1953,1.1085503861715611E-4)
(4853,1.1085503861715611E-4)
(5953,1.1085503861715611E-4)
(5253,1.1085503861715611E-4)
(4753,1.1085503861715611E-4)
(553,1.1085503861715611E-4)
(853,1.1085503861715611E-4)
(4953,1.1085503861715611E-4)
(6353,1.1085503861715611E-4)
(9453,1.1085503861715611E-4)
(4353,1.1085503861715611E-4)
(3953,1.1085503861715611E-4)
(6753,1.1085503861715611E-4)
(753,1.1085503861715611E-4)
(4053,1.1085503861715611E-4)
(2253,1.1085503861715611E-4)
(1353,1.1085503861715611E-4)
(8053,1.1085503861715611E-4)
(6553,1.1085503861715611E-4)
(3453,1.1085503861715611E-4)
(9053,1.1085503861715611E-4)
(4653,1.1085503861715611E-4)
(6153,1.1085503861715611E-4)
(2453,1.1085503861715611E-4)
(8153,1.1085503861715611E-4)
(1453,1.1085503861715611E-4)
(9553,1.1085503861715611E-4)
(6253,1.1085503861715611E-4)
(1753,1.1085503861715611E-4)
(3853,1.1085503861715611E-4)
(2353,1.1085503861715611E-4)
(4553,1.1085503861715611E-4)
(5053,1.1085503861715611E-4)
(7353,1.1085503861715611E-4)
