(7532,7.375916272890062E-5)
(7932,7.375916272890062E-5)
(7332,7.375916272890062E-5)
(1432,7.375916272890062E-5)
(7032,7.375916272890062E-5)
(4932,7.375916272890062E-5)
(5532,7.375916272890062E-5)
(6632,7.375916272890062E-5)
(6532,7.375916272890062E-5)
(9632,7.375916272890062E-5)
(732,7.375916272890062E-5)
(3832,7.375916272890062E-5)
(4432,7.375916272890062E-5)
(8132,7.375916272890062E-5)
(6332,7.375916272890062E-5)
(3532,7.375916272890062E-5)
(4732,7.375916272890062E-5)
(7432,7.375916272890062E-5)
(2632,7.375916272890062E-5)
(332,7.375916272890062E-5)
(1032,7.375916272890062E-5)
(5832,7.375916272890062E-5)
(3932,7.375916272890062E-5)
(9432,7.375916272890062E-5)
(5032,7.375916272890062E-5)
(632,7.375916272890062E-5)
(7132,7.375916272890062E-5)
(2232,7.375916272890062E-5)
(8432,7.375916272890062E-5)
(2332,7.375916272890062E-5)
(1732,7.375916272890062E-5)
(4332,7.375916272890062E-5)
(532,7.375916272890062E-5)
(9832,7.375916272890062E-5)
(1632,7.375916272890062E-5)
(832,7.375916272890062E-5)
(3032,7.375916272890062E-5)
(7232,7.375916272890062E-5)
(7832,7.375916272890062E-5)
(5332,7.375916272890062E-5)
(8932,7.375916272890062E-5)
(1132,7.375916272890062E-5)
(3332,7.375916272890062E-5)
(3232,7.375916272890062E-5)
(5632,7.375916272890062E-5)
(1532,7.375916272890062E-5)
(6032,7.375916272890062E-5)
(2732,7.375916272890062E-5)
(8032,7.375916272890062E-5)
(4132,7.375916272890062E-5)
(2132,7.375916272890062E-5)
(5932,7.375916272890062E-5)
(4832,7.375916272890062E-5)
(2432,7.375916272890062E-5)
(9032,7.375916272890062E-5)
(5432,7.375916272890062E-5)
(9132,7.375916272890062E-5)
(5232,7.375916272890062E-5)
(7732,7.375916272890062E-5)
(1332,7.375916272890062E-5)
(132,7.375916272890062E-5)
(2032,7.375916272890062E-5)
(8232,7.375916272890062E-5)
(5732,7.375916272890062E-5)
(2932,7.375916272890062E-5)
(4532,7.375916272890062E-5)
(9332,7.375916272890062E-5)
(432,7.375916272890062E-5)
(6132,7.375916272890062E-5)
(6832,7.375916272890062E-5)
(4632,7.375916272890062E-5)
(3432,7.375916272890062E-5)
(3632,7.375916272890062E-5)
(1232,7.375916272890062E-5)
(4032,7.375916272890062E-5)
(3732,7.375916272890062E-5)
(8332,7.375916272890062E-5)
(9732,7.375916272890062E-5)
(1932,7.375916272890062E-5)
(8632,7.375916272890062E-5)
(9232,7.375916272890062E-5)
(232,7.375916272890062E-5)
(6932,7.375916272890062E-5)
(6232,7.375916272890062E-5)
(2832,7.375916272890062E-5)
(3132,7.375916272890062E-5)
(6432,7.375916272890062E-5)
(32,7.375916272890062E-5)
(7632,7.375916272890062E-5)
(8532,7.375916272890062E-5)
(1832,7.375916272890062E-5)
(9532,7.375916272890062E-5)
(4232,7.375916272890062E-5)
(8732,7.375916272890062E-5)
(6732,7.375916272890062E-5)
(8832,7.375916272890062E-5)
(932,7.375916272890062E-5)
(5132,7.375916272890062E-5)
(2532,7.375916272890062E-5)
(9932,7.375916272890062E-5)
