(769,1.343486424935291E-4)
(2669,1.343486424935291E-4)
(369,1.343486424935291E-4)
(6369,1.343486424935291E-4)
(3669,1.343486424935291E-4)
(8769,1.343486424935291E-4)
(2869,1.343486424935291E-4)
(4069,1.343486424935291E-4)
(4869,1.343486424935291E-4)
(6669,1.343486424935291E-4)
(3069,1.343486424935291E-4)
(5969,1.343486424935291E-4)
(8969,1.343486424935291E-4)
(969,1.343486424935291E-4)
(1169,1.343486424935291E-4)
(6269,1.343486424935291E-4)
(269,1.343486424935291E-4)
(4169,1.343486424935291E-4)
(7169,1.343486424935291E-4)
(4469,1.343486424935291E-4)
(1769,1.343486424935291E-4)
(1669,1.343486424935291E-4)
(7469,1.343486424935291E-4)
(2069,1.343486424935291E-4)
(4569,1.343486424935291E-4)
(169,1.343486424935291E-4)
(5269,1.343486424935291E-4)
(6869,1.343486424935291E-4)
(7369,1.343486424935291E-4)
(9069,1.343486424935291E-4)
(2969,1.343486424935291E-4)
(1369,1.343486424935291E-4)
(8669,1.343486424935291E-4)
(3869,1.343486424935291E-4)
(4969,1.343486424935291E-4)
(9169,1.343486424935291E-4)
(5869,1.343486424935291E-4)
(5569,1.343486424935291E-4)
(2769,1.343486424935291E-4)
(3369,1.343486424935291E-4)
(8469,1.343486424935291E-4)
(69,1.343486424935291E-4)
(1069,1.343486424935291E-4)
(2369,1.343486424935291E-4)
(3269,1.343486424935291E-4)
(8569,1.343486424935291E-4)
(5369,1.343486424935291E-4)
(6169,1.343486424935291E-4)
(7569,1.343486424935291E-4)
(4369,1.343486424935291E-4)
(7269,1.343486424935291E-4)
(1969,1.343486424935291E-4)
(6969,1.343486424935291E-4)
(9869,1.343486424935291E-4)
(8269,1.343486424935291E-4)
(7069,1.343486424935291E-4)
(9469,1.343486424935291E-4)
(2569,1.343486424935291E-4)
(6769,1.343486424935291E-4)
(8169,1.343486424935291E-4)
(1869,1.343486424935291E-4)
(2269,1.343486424935291E-4)
(3569,1.343486424935291E-4)
(6469,1.343486424935291E-4)
(4269,1.343486424935291E-4)
(9769,1.343486424935291E-4)
(7969,1.343486424935291E-4)
(2469,1.343486424935291E-4)
(5669,1.343486424935291E-4)
(4769,1.343486424935291E-4)
(569,1.343486424935291E-4)
(8069,1.343486424935291E-4)
(5169,1.343486424935291E-4)
(2169,1.343486424935291E-4)
(9269,1.343486424935291E-4)
(8869,1.343486424935291E-4)
(3969,1.343486424935291E-4)
(5469,1.343486424935291E-4)
(9669,1.343486424935291E-4)
(5069,1.343486424935291E-4)
(3169,1.343486424935291E-4)
(5769,1.343486424935291E-4)
(9369,1.343486424935291E-4)
(8369,1.343486424935291E-4)
(469,1.343486424935291E-4)
(4669,1.343486424935291E-4)
(3769,1.343486424935291E-4)
(869,1.343486424935291E-4)
(1269,1.343486424935291E-4)
(6069,1.343486424935291E-4)
(1469,1.343486424935291E-4)
(3469,1.343486424935291E-4)
(9569,1.343486424935291E-4)
(9969,1.343486424935291E-4)
(1569,1.343486424935291E-4)
(7869,1.343486424935291E-4)
(7769,1.343486424935291E-4)
(6569,1.343486424935291E-4)
(7669,1.343486424935291E-4)
(669,1.343486424935291E-4)
