(3802,5.329551805839893E-6)
(1002,5.329551805839893E-6)
(602,5.329551805839893E-6)
(6402,5.329551805839893E-6)
(2002,5.329551805839893E-6)
(7102,5.329551805839893E-6)
(502,5.329551805839893E-6)
(3702,5.329551805839893E-6)
(6202,5.329551805839893E-6)
(2102,5.329551805839893E-6)
(7302,5.329551805839893E-6)
(8602,5.329551805839893E-6)
(1802,5.329551805839893E-6)
(9602,5.329551805839893E-6)
(302,5.329551805839893E-6)
(202,5.329551805839893E-6)
(4302,5.329551805839893E-6)
(8502,5.329551805839893E-6)
(5202,5.329551805839893E-6)
(7402,5.329551805839893E-6)
(402,5.329551805839893E-6)
(9102,5.329551805839893E-6)
(5002,5.329551805839893E-6)
(1602,5.329551805839893E-6)
(1902,5.329551805839893E-6)
(4402,5.329551805839893E-6)
(6702,5.329551805839893E-6)
(4802,5.329551805839893E-6)
(3002,5.329551805839893E-6)
(1702,5.329551805839893E-6)
(8102,5.329551805839893E-6)
(3102,5.329551805839893E-6)
(2202,5.329551805839893E-6)
(3502,5.329551805839893E-6)
(9502,5.329551805839893E-6)
(5802,5.329551805839893E-6)
(5602,5.329551805839893E-6)
(9902,5.329551805839893E-6)
(3602,5.329551805839893E-6)
(3902,5.329551805839893E-6)
(8902,5.329551805839893E-6)
(7702,5.329551805839893E-6)
(2602,5.329551805839893E-6)
(3302,5.329551805839893E-6)
(2902,5.329551805839893E-6)
(6302,5.329551805839893E-6)
(6502,5.329551805839893E-6)
(2502,5.329551805839893E-6)
(9402,5.329551805839893E-6)
(1102,5.329551805839893E-6)
(4902,5.329551805839893E-6)
(1502,5.329551805839893E-6)
(1202,5.329551805839893E-6)
(6002,5.329551805839893E-6)
(2,5.329551805839893E-6)
(3202,5.329551805839893E-6)
(9702,5.329551805839893E-6)
(5702,5.329551805839893E-6)
(802,5.329551805839893E-6)
(6902,5.329551805839893E-6)
(4502,5.329551805839893E-6)
(7502,5.329551805839893E-6)
(5502,5.329551805839893E-6)
(702,5.329551805839893E-6)
(6602,5.329551805839893E-6)
(1402,5.329551805839893E-6)
(6802,5.329551805839893E-6)
(8702,5.329551805839893E-6)
(8002,5.329551805839893E-6)
(5402,5.329551805839893E-6)
(4102,5.329551805839893E-6)
(9802,5.329551805839893E-6)
(4002,5.329551805839893E-6)
(8202,5.329551805839893E-6)
(2402,5.329551805839893E-6)
(8302,5.329551805839893E-6)
(2802,5.329551805839893E-6)
(4202,5.329551805839893E-6)
(5102,5.329551805839893E-6)
(7802,5.329551805839893E-6)
(7902,5.329551805839893E-6)
(9302,5.329551805839893E-6)
(7602,5.329551805839893E-6)
(9002,5.329551805839893E-6)
(8402,5.329551805839893E-6)
(8802,5.329551805839893E-6)
(2302,5.329551805839893E-6)
(9202,5.329551805839893E-6)
(4602,5.329551805839893E-6)
(6102,5.329551805839893E-6)
(902,5.329551805839893E-6)
(2702,5.329551805839893E-6)
(5302,5.329551805839893E-6)
(1302,5.329551805839893E-6)
(7202,5.329551805839893E-6)
(102,5.329551805839893E-6)
(4702,5.329551805839893E-6)
(5902,5.329551805839893E-6)
(3402,5.329551805839893E-6)
(7002,5.329551805839893E-6)
