(6927,6.372435242003941E-5)
(3827,6.372435242003941E-5)
(9427,6.372435242003941E-5)
(327,6.372435242003941E-5)
(2227,6.372435242003941E-5)
(2327,6.372435242003941E-5)
(5127,6.372435242003941E-5)
(8027,6.372435242003941E-5)
(8427,6.372435242003941E-5)
(3427,6.372435242003941E-5)
(1527,6.372435242003941E-5)
(6627,6.372435242003941E-5)
(7327,6.372435242003941E-5)
(1127,6.372435242003941E-5)
(3927,6.372435242003941E-5)
(6127,6.372435242003941E-5)
(527,6.372435242003941E-5)
(2927,6.372435242003941E-5)
(1327,6.372435242003941E-5)
(2527,6.372435242003941E-5)
(1627,6.372435242003941E-5)
(2027,6.372435242003941E-5)
(4927,6.372435242003941E-5)
(6227,6.372435242003941E-5)
(1027,6.372435242003941E-5)
(4027,6.372435242003941E-5)
(2427,6.372435242003941E-5)
(1727,6.372435242003941E-5)
(8127,6.372435242003941E-5)
(9327,6.372435242003941E-5)
(6827,6.372435242003941E-5)
(8727,6.372435242003941E-5)
(4327,6.372435242003941E-5)
(8527,6.372435242003941E-5)
(9227,6.372435242003941E-5)
(6027,6.372435242003941E-5)
(9927,6.372435242003941E-5)
(7627,6.372435242003941E-5)
(3727,6.372435242003941E-5)
(7427,6.372435242003941E-5)
(627,6.372435242003941E-5)
(8327,6.372435242003941E-5)
(9727,6.372435242003941E-5)
(5327,6.372435242003941E-5)
(1927,6.372435242003941E-5)
(6727,6.372435242003941E-5)
(4527,6.372435242003941E-5)
(7527,6.372435242003941E-5)
(5527,6.372435242003941E-5)
(5827,6.372435242003941E-5)
(7927,6.372435242003941E-5)
(7827,6.372435242003941E-5)
(9827,6.372435242003941E-5)
(9527,6.372435242003941E-5)
(927,6.372435242003941E-5)
(5727,6.372435242003941E-5)
(7127,6.372435242003941E-5)
(8927,6.372435242003941E-5)
(6527,6.372435242003941E-5)
(9627,6.372435242003941E-5)
(427,6.372435242003941E-5)
(127,6.372435242003941E-5)
(1227,6.372435242003941E-5)
(727,6.372435242003941E-5)
(6427,6.372435242003941E-5)
(9027,6.372435242003941E-5)
(3227,6.372435242003941E-5)
(3527,6.372435242003941E-5)
(8227,6.372435242003941E-5)
(827,6.372435242003941E-5)
(5227,6.372435242003941E-5)
(1427,6.372435242003941E-5)
(2727,6.372435242003941E-5)
(3327,6.372435242003941E-5)
(8627,6.372435242003941E-5)
(3027,6.372435242003941E-5)
(2627,6.372435242003941E-5)
(4727,6.372435242003941E-5)
(3127,6.372435242003941E-5)
(6327,6.372435242003941E-5)
(4127,6.372435242003941E-5)
(2127,6.372435242003941E-5)
(4827,6.372435242003941E-5)
(3627,6.372435242003941E-5)
(4227,6.372435242003941E-5)
(4627,6.372435242003941E-5)
(27,6.372435242003941E-5)
(7227,6.372435242003941E-5)
(2827,6.372435242003941E-5)
(4427,6.372435242003941E-5)
(5927,6.372435242003941E-5)
(227,6.372435242003941E-5)
(8827,6.372435242003941E-5)
(5627,6.372435242003941E-5)
(5427,6.372435242003941E-5)
(5027,6.372435242003941E-5)
(1827,6.372435242003941E-5)
(7027,6.372435242003941E-5)
(7727,6.372435242003941E-5)
(9127,6.372435242003941E-5)
