(7550,1.0601820075776438E-4)
(150,1.0601820075776438E-4)
(9150,1.0601820075776438E-4)
(1350,1.0601820075776438E-4)
(650,1.0601820075776438E-4)
(9750,1.0601820075776438E-4)
(4150,1.0601820075776438E-4)
(8050,1.0601820075776438E-4)
(5250,1.0601820075776438E-4)
(8950,1.0601820075776438E-4)
(9650,1.0601820075776438E-4)
(7950,1.0601820075776438E-4)
(2850,1.0601820075776438E-4)
(3950,1.0601820075776438E-4)
(2450,1.0601820075776438E-4)
(2750,1.0601820075776438E-4)
(8450,1.0601820075776438E-4)
(8150,1.0601820075776438E-4)
(450,1.0601820075776438E-4)
(3050,1.0601820075776438E-4)
(1850,1.0601820075776438E-4)
(4550,1.0601820075776438E-4)
(2150,1.0601820075776438E-4)
(2550,1.0601820075776438E-4)
(3650,1.0601820075776438E-4)
(4250,1.0601820075776438E-4)
(5950,1.0601820075776438E-4)
(6650,1.0601820075776438E-4)
(8850,1.0601820075776438E-4)
(6950,1.0601820075776438E-4)
(4350,1.0601820075776438E-4)
(8650,1.0601820075776438E-4)
(850,1.0601820075776438E-4)
(350,1.0601820075776438E-4)
(5550,1.0601820075776438E-4)
(8750,1.0601820075776438E-4)
(3850,1.0601820075776438E-4)
(8550,1.0601820075776438E-4)
(4850,1.0601820075776438E-4)
(2050,1.0601820075776438E-4)
(250,1.0601820075776438E-4)
(1550,1.0601820075776438E-4)
(7150,1.0601820075776438E-4)
(2950,1.0601820075776438E-4)
(1750,1.0601820075776438E-4)
(9450,1.0601820075776438E-4)
(9250,1.0601820075776438E-4)
(6850,1.0601820075776438E-4)
(1150,1.0601820075776438E-4)
(6450,1.0601820075776438E-4)
(2250,1.0601820075776438E-4)
(1250,1.0601820075776438E-4)
(1450,1.0601820075776438E-4)
(8250,1.0601820075776438E-4)
(8350,1.0601820075776438E-4)
(1950,1.0601820075776438E-4)
(4750,1.0601820075776438E-4)
(7650,1.0601820075776438E-4)
(3350,1.0601820075776438E-4)
(750,1.0601820075776438E-4)
(950,1.0601820075776438E-4)
(2650,1.0601820075776438E-4)
(3450,1.0601820075776438E-4)
(3250,1.0601820075776438E-4)
(7850,1.0601820075776438E-4)
(7450,1.0601820075776438E-4)
(50,1.0601820075776438E-4)
(9550,1.0601820075776438E-4)
(6150,1.0601820075776438E-4)
(3750,1.0601820075776438E-4)
(7350,1.0601820075776438E-4)
(2350,1.0601820075776438E-4)
(4650,1.0601820075776438E-4)
(3550,1.0601820075776438E-4)
(4950,1.0601820075776438E-4)
(5050,1.0601820075776438E-4)
(7250,1.0601820075776438E-4)
(5450,1.0601820075776438E-4)
(5650,1.0601820075776438E-4)
(1650,1.0601820075776438E-4)
(5350,1.0601820075776438E-4)
(5850,1.0601820075776438E-4)
(9850,1.0601820075776438E-4)
(7050,1.0601820075776438E-4)
(6250,1.0601820075776438E-4)
(9050,1.0601820075776438E-4)
(9350,1.0601820075776438E-4)
(3150,1.0601820075776438E-4)
(1050,1.0601820075776438E-4)
(6550,1.0601820075776438E-4)
(4450,1.0601820075776438E-4)
(6050,1.0601820075776438E-4)
(9950,1.0601820075776438E-4)
(4050,1.0601820075776438E-4)
(7750,1.0601820075776438E-4)
(6350,1.0601820075776438E-4)
(550,1.0601820075776438E-4)
(6750,1.0601820075776438E-4)
(5150,1.0601820075776438E-4)
(5750,1.0601820075776438E-4)
