(6844,9.590040102146116E-5)
(4844,9.590040102146116E-5)
(4044,9.590040102146116E-5)
(5044,9.590040102146116E-5)
(2844,9.590040102146116E-5)
(744,9.590040102146116E-5)
(8544,9.590040102146116E-5)
(5844,9.590040102146116E-5)
(3944,9.590040102146116E-5)
(9144,9.590040102146116E-5)
(4344,9.590040102146116E-5)
(6644,9.590040102146116E-5)
(2544,9.590040102146116E-5)
(5644,9.590040102146116E-5)
(2144,9.590040102146116E-5)
(1644,9.590040102146116E-5)
(9244,9.590040102146116E-5)
(644,9.590040102146116E-5)
(5244,9.590040102146116E-5)
(5144,9.590040102146116E-5)
(6944,9.590040102146116E-5)
(7344,9.590040102146116E-5)
(2644,9.590040102146116E-5)
(4544,9.590040102146116E-5)
(8844,9.590040102146116E-5)
(4944,9.590040102146116E-5)
(2344,9.590040102146116E-5)
(544,9.590040102146116E-5)
(7944,9.590040102146116E-5)
(3044,9.590040102146116E-5)
(3644,9.590040102146116E-5)
(9344,9.590040102146116E-5)
(5744,9.590040102146116E-5)
(4144,9.590040102146116E-5)
(8444,9.590040102146116E-5)
(1744,9.590040102146116E-5)
(7444,9.590040102146116E-5)
(444,9.590040102146116E-5)
(5344,9.590040102146116E-5)
(7244,9.590040102146116E-5)
(8044,9.590040102146116E-5)
(944,9.590040102146116E-5)
(8144,9.590040102146116E-5)
(6144,9.590040102146116E-5)
(3344,9.590040102146116E-5)
(6444,9.590040102146116E-5)
(7044,9.590040102146116E-5)
(9644,9.590040102146116E-5)
(3844,9.590040102146116E-5)
(2044,9.590040102146116E-5)
(1144,9.590040102146116E-5)
(9544,9.590040102146116E-5)
(7844,9.590040102146116E-5)
(8744,9.590040102146116E-5)
(6244,9.590040102146116E-5)
(7644,9.590040102146116E-5)
(8344,9.590040102146116E-5)
(4244,9.590040102146116E-5)
(3144,9.590040102146116E-5)
(344,9.590040102146116E-5)
(1344,9.590040102146116E-5)
(9744,9.590040102146116E-5)
(6344,9.590040102146116E-5)
(8244,9.590040102146116E-5)
(8944,9.590040102146116E-5)
(2244,9.590040102146116E-5)
(6044,9.590040102146116E-5)
(9844,9.590040102146116E-5)
(144,9.590040102146116E-5)
(3444,9.590040102146116E-5)
(1944,9.590040102146116E-5)
(6544,9.590040102146116E-5)
(1444,9.590040102146116E-5)
(3244,9.590040102146116E-5)
(2744,9.590040102146116E-5)
(9044,9.590040102146116E-5)
(5544,9.590040102146116E-5)
(4444,9.590040102146116E-5)
(1844,9.590040102146116E-5)
(8644,9.590040102146116E-5)
(7744,9.590040102146116E-5)
(4644,9.590040102146116E-5)
(9944,9.590040102146116E-5)
(844,9.590040102146116E-5)
(1244,9.590040102146116E-5)
(3544,9.590040102146116E-5)
(3744,9.590040102146116E-5)
(2944,9.590040102146116E-5)
(7544,9.590040102146116E-5)
(5944,9.590040102146116E-5)
(6744,9.590040102146116E-5)
(7144,9.590040102146116E-5)
(9444,9.590040102146116E-5)
(2444,9.590040102146116E-5)
(4744,9.590040102146116E-5)
(44,9.590040102146116E-5)
(1044,9.590040102146116E-5)
(5444,9.590040102146116E-5)
(1544,9.590040102146116E-5)
(244,9.590040102146116E-5)
