(4337,8.330694041942455E-5)
(1237,8.330694041942455E-5)
(7137,8.330694041942455E-5)
(9337,8.330694041942455E-5)
(3637,8.330694041942455E-5)
(937,8.330694041942455E-5)
(5737,8.330694041942455E-5)
(5237,8.330694041942455E-5)
(437,8.330694041942455E-5)
(3837,8.330694041942455E-5)
(3137,8.330694041942455E-5)
(5437,8.330694041942455E-5)
(9537,8.330694041942455E-5)
(9637,8.330694041942455E-5)
(7737,8.330694041942455E-5)
(8537,8.330694041942455E-5)
(1337,8.330694041942455E-5)
(3737,8.330694041942455E-5)
(5537,8.330694041942455E-5)
(37,8.330694041942455E-5)
(6237,8.330694041942455E-5)
(2437,8.330694041942455E-5)
(7337,8.330694041942455E-5)
(8637,8.330694041942455E-5)
(3437,8.330694041942455E-5)
(6337,8.330694041942455E-5)
(4237,8.330694041942455E-5)
(837,8.330694041942455E-5)
(5137,8.330694041942455E-5)
(2837,8.330694041942455E-5)
(737,8.330694041942455E-5)
(6737,8.330694041942455E-5)
(6937,8.330694041942455E-5)
(637,8.330694041942455E-5)
(5637,8.330694041942455E-5)
(7837,8.330694041942455E-5)
(3937,8.330694041942455E-5)
(5837,8.330694041942455E-5)
(2037,8.330694041942455E-5)
(3037,8.330694041942455E-5)
(2937,8.330694041942455E-5)
(4737,8.330694041942455E-5)
(7437,8.330694041942455E-5)
(6837,8.330694041942455E-5)
(2337,8.330694041942455E-5)
(9137,8.330694041942455E-5)
(4937,8.330694041942455E-5)
(1537,8.330694041942455E-5)
(5337,8.330694041942455E-5)
(2637,8.330694041942455E-5)
(6637,8.330694041942455E-5)
(8937,8.330694041942455E-5)
(137,8.330694041942455E-5)
(5037,8.330694041942455E-5)
(8037,8.330694041942455E-5)
(5937,8.330694041942455E-5)
(4137,8.330694041942455E-5)
(1937,8.330694041942455E-5)
(1737,8.330694041942455E-5)
(3237,8.330694041942455E-5)
(2237,8.330694041942455E-5)
(3537,8.330694041942455E-5)
(8737,8.330694041942455E-5)
(9237,8.330694041942455E-5)
(6537,8.330694041942455E-5)
(9737,8.330694041942455E-5)
(7537,8.330694041942455E-5)
(2137,8.330694041942455E-5)
(7237,8.330694041942455E-5)
(7937,8.330694041942455E-5)
(8137,8.330694041942455E-5)
(9837,8.330694041942455E-5)
(7637,8.330694041942455E-5)
(9437,8.330694041942455E-5)
(4637,8.330694041942455E-5)
(337,8.330694041942455E-5)
(4437,8.330694041942455E-5)
(8237,8.330694041942455E-5)
(8337,8.330694041942455E-5)
(2737,8.330694041942455E-5)
(4837,8.330694041942455E-5)
(9037,8.330694041942455E-5)
(6137,8.330694041942455E-5)
(8837,8.330694041942455E-5)
(4037,8.330694041942455E-5)
(9937,8.330694041942455E-5)
(1437,8.330694041942455E-5)
(537,8.330694041942455E-5)
(237,8.330694041942455E-5)
(1837,8.330694041942455E-5)
(3337,8.330694041942455E-5)
(4537,8.330694041942455E-5)
(8437,8.330694041942455E-5)
(6037,8.330694041942455E-5)
(1637,8.330694041942455E-5)
(7037,8.330694041942455E-5)
(1137,8.330694041942455E-5)
(2537,8.330694041942455E-5)
(6437,8.330694041942455E-5)
(1037,8.330694041942455E-5)
