(4697,1.674512829421526E-4)
(5197,1.674512829421526E-4)
(2197,1.674512829421526E-4)
(8797,1.674512829421526E-4)
(7997,1.674512829421526E-4)
(297,1.674512829421526E-4)
(6597,1.674512829421526E-4)
(4797,1.674512829421526E-4)
(2097,1.674512829421526E-4)
(3197,1.674512829421526E-4)
(497,1.674512829421526E-4)
(9197,1.674512829421526E-4)
(3497,1.674512829421526E-4)
(2997,1.674512829421526E-4)
(4297,1.674512829421526E-4)
(5297,1.674512829421526E-4)
(9897,1.674512829421526E-4)
(597,1.674512829421526E-4)
(9697,1.674512829421526E-4)
(1197,1.674512829421526E-4)
(5597,1.674512829421526E-4)
(5397,1.674512829421526E-4)
(4097,1.674512829421526E-4)
(8497,1.674512829421526E-4)
(1097,1.674512829421526E-4)
(6097,1.674512829421526E-4)
(5697,1.674512829421526E-4)
(2797,1.674512829421526E-4)
(4597,1.674512829421526E-4)
(1897,1.674512829421526E-4)
(7297,1.674512829421526E-4)
(8197,1.674512829421526E-4)
(1797,1.674512829421526E-4)
(1497,1.674512829421526E-4)
(697,1.674512829421526E-4)
(2397,1.674512829421526E-4)
(6497,1.674512829421526E-4)
(2697,1.674512829421526E-4)
(7097,1.674512829421526E-4)
(7397,1.674512829421526E-4)
(7697,1.674512829421526E-4)
(6397,1.674512829421526E-4)
(3597,1.674512829421526E-4)
(8097,1.674512829421526E-4)
(9997,1.674512829421526E-4)
(797,1.674512829421526E-4)
(897,1.674512829421526E-4)
(6997,1.674512829421526E-4)
(9597,1.674512829421526E-4)
(197,1.674512829421526E-4)
(7897,1.674512829421526E-4)
(4397,1.674512829421526E-4)
(1297,1.674512829421526E-4)
(2597,1.674512829421526E-4)
(3297,1.674512829421526E-4)
(8997,1.674512829421526E-4)
(8397,1.674512829421526E-4)
(8297,1.674512829421526E-4)
(6897,1.674512829421526E-4)
(9497,1.674512829421526E-4)
(1697,1.674512829421526E-4)
(3397,1.674512829421526E-4)
(5497,1.674512829421526E-4)
(7797,1.674512829421526E-4)
(1597,1.674512829421526E-4)
(3997,1.674512829421526E-4)
(2897,1.674512829421526E-4)
(3797,1.674512829421526E-4)
(5097,1.674512829421526E-4)
(3097,1.674512829421526E-4)
(4497,1.674512829421526E-4)
(997,1.674512829421526E-4)
(8697,1.674512829421526E-4)
(4897,1.674512829421526E-4)
(6697,1.674512829421526E-4)
(5997,1.674512829421526E-4)
(1997,1.674512829421526E-4)
(3697,1.674512829421526E-4)
(1397,1.674512829421526E-4)
(5797,1.674512829421526E-4)
(7197,1.674512829421526E-4)
(397,1.674512829421526E-4)
(97,1.674512829421526E-4)
(4197,1.674512829421526E-4)
(9297,1.674512829421526E-4)
(7497,1.674512829421526E-4)
(9797,1.674512829421526E-4)
(9397,1.674512829421526E-4)
(2297,1.674512829421526E-4)
(4997,1.674512829421526E-4)
(6797,1.674512829421526E-4)
(6297,1.674512829421526E-4)
(6197,1.674512829421526E-4)
(3897,1.674512829421526E-4)
(8597,1.674512829421526E-4)
(9097,1.674512829421526E-4)
(8897,1.674512829421526E-4)
(2497,1.674512829421526E-4)
(5897,1.674512829421526E-4)
(7597,1.674512829421526E-4)
