(4552,1.0925877517390612E-4)
(6352,1.0925877517390612E-4)
(752,1.0925877517390612E-4)
(4352,1.0925877517390612E-4)
(6552,1.0925877517390612E-4)
(3452,1.0925877517390612E-4)
(952,1.0925877517390612E-4)
(352,1.0925877517390612E-4)
(2952,1.0925877517390612E-4)
(152,1.0925877517390612E-4)
(6452,1.0925877517390612E-4)
(1652,1.0925877517390612E-4)
(1552,1.0925877517390612E-4)
(9152,1.0925877517390612E-4)
(552,1.0925877517390612E-4)
(9252,1.0925877517390612E-4)
(2452,1.0925877517390612E-4)
(8452,1.0925877517390612E-4)
(1752,1.0925877517390612E-4)
(1352,1.0925877517390612E-4)
(5752,1.0925877517390612E-4)
(452,1.0925877517390612E-4)
(6252,1.0925877517390612E-4)
(3052,1.0925877517390612E-4)
(8752,1.0925877517390612E-4)
(1452,1.0925877517390612E-4)
(7152,1.0925877517390612E-4)
(2352,1.0925877517390612E-4)
(2852,1.0925877517390612E-4)
(8852,1.0925877517390612E-4)
(5552,1.0925877517390612E-4)
(5852,1.0925877517390612E-4)
(5452,1.0925877517390612E-4)
(3152,1.0925877517390612E-4)
(7452,1.0925877517390612E-4)
(7752,1.0925877517390612E-4)
(9352,1.0925877517390612E-4)
(2552,1.0925877517390612E-4)
(8552,1.0925877517390612E-4)
(8252,1.0925877517390612E-4)
(2052,1.0925877517390612E-4)
(6652,1.0925877517390612E-4)
(5152,1.0925877517390612E-4)
(9052,1.0925877517390612E-4)
(52,1.0925877517390612E-4)
(4652,1.0925877517390612E-4)
(3652,1.0925877517390612E-4)
(3752,1.0925877517390612E-4)
(4252,1.0925877517390612E-4)
(2652,1.0925877517390612E-4)
(9952,1.0925877517390612E-4)
(5252,1.0925877517390612E-4)
(6952,1.0925877517390612E-4)
(8652,1.0925877517390612E-4)
(8952,1.0925877517390612E-4)
(7352,1.0925877517390612E-4)
(3952,1.0925877517390612E-4)
(252,1.0925877517390612E-4)
(1052,1.0925877517390612E-4)
(7252,1.0925877517390612E-4)
(5652,1.0925877517390612E-4)
(7052,1.0925877517390612E-4)
(852,1.0925877517390612E-4)
(1152,1.0925877517390612E-4)
(6152,1.0925877517390612E-4)
(8052,1.0925877517390612E-4)
(8352,1.0925877517390612E-4)
(652,1.0925877517390612E-4)
(1952,1.0925877517390612E-4)
(1852,1.0925877517390612E-4)
(6052,1.0925877517390612E-4)
(2152,1.0925877517390612E-4)
(6852,1.0925877517390612E-4)
(9652,1.0925877517390612E-4)
(6752,1.0925877517390612E-4)
(8152,1.0925877517390612E-4)
(9852,1.0925877517390612E-4)
(5352,1.0925877517390612E-4)
(1252,1.0925877517390612E-4)
(3852,1.0925877517390612E-4)
(7552,1.0925877517390612E-4)
(7852,1.0925877517390612E-4)
(3252,1.0925877517390612E-4)
(7952,1.0925877517390612E-4)
(9452,1.0925877517390612E-4)
(4152,1.0925877517390612E-4)
(5052,1.0925877517390612E-4)
(5952,1.0925877517390612E-4)
(3552,1.0925877517390612E-4)
(2752,1.0925877517390612E-4)
(4052,1.0925877517390612E-4)
(4852,1.0925877517390612E-4)
(4752,1.0925877517390612E-4)
(9552,1.0925877517390612E-4)
(3352,1.0925877517390612E-4)
(4952,1.0925877517390612E-4)
(2252,1.0925877517390612E-4)
(9752,1.0925877517390612E-4)
(4452,1.0925877517390612E-4)
(7652,1.0925877517390612E-4)
