(6779,1.4724218890740785E-4)
(2079,1.4724218890740785E-4)
(7479,1.4724218890740785E-4)
(8979,1.4724218890740785E-4)
(1179,1.4724218890740785E-4)
(1379,1.4724218890740785E-4)
(7179,1.4724218890740785E-4)
(3379,1.4724218890740785E-4)
(2279,1.4724218890740785E-4)
(4179,1.4724218890740785E-4)
(4679,1.4724218890740785E-4)
(3479,1.4724218890740785E-4)
(279,1.4724218890740785E-4)
(679,1.4724218890740785E-4)
(2979,1.4724218890740785E-4)
(9679,1.4724218890740785E-4)
(6279,1.4724218890740785E-4)
(6679,1.4724218890740785E-4)
(4579,1.4724218890740785E-4)
(8179,1.4724218890740785E-4)
(6579,1.4724218890740785E-4)
(3279,1.4724218890740785E-4)
(5379,1.4724218890740785E-4)
(8079,1.4724218890740785E-4)
(6479,1.4724218890740785E-4)
(8679,1.4724218890740785E-4)
(9079,1.4724218890740785E-4)
(5079,1.4724218890740785E-4)
(7679,1.4724218890740785E-4)
(4779,1.4724218890740785E-4)
(7379,1.4724218890740785E-4)
(9479,1.4724218890740785E-4)
(3979,1.4724218890740785E-4)
(7879,1.4724218890740785E-4)
(1779,1.4724218890740785E-4)
(1979,1.4724218890740785E-4)
(2379,1.4724218890740785E-4)
(5979,1.4724218890740785E-4)
(1479,1.4724218890740785E-4)
(6079,1.4724218890740785E-4)
(7079,1.4724218890740785E-4)
(5479,1.4724218890740785E-4)
(4479,1.4724218890740785E-4)
(5879,1.4724218890740785E-4)
(7979,1.4724218890740785E-4)
(4879,1.4724218890740785E-4)
(4079,1.4724218890740785E-4)
(8479,1.4724218890740785E-4)
(9279,1.4724218890740785E-4)
(6979,1.4724218890740785E-4)
(79,1.4724218890740785E-4)
(1579,1.4724218890740785E-4)
(2779,1.4724218890740785E-4)
(6879,1.4724218890740785E-4)
(2879,1.4724218890740785E-4)
(179,1.4724218890740785E-4)
(9779,1.4724218890740785E-4)
(1879,1.4724218890740785E-4)
(3179,1.4724218890740785E-4)
(5179,1.4724218890740785E-4)
(8279,1.4724218890740785E-4)
(2479,1.4724218890740785E-4)
(7279,1.4724218890740785E-4)
(8779,1.4724218890740785E-4)
(1679,1.4724218890740785E-4)
(3079,1.4724218890740785E-4)
(5679,1.4724218890740785E-4)
(1279,1.4724218890740785E-4)
(3679,1.4724218890740785E-4)
(4379,1.4724218890740785E-4)
(9579,1.4724218890740785E-4)
(7779,1.4724218890740785E-4)
(779,1.4724218890740785E-4)
(4279,1.4724218890740785E-4)
(379,1.4724218890740785E-4)
(9379,1.4724218890740785E-4)
(6179,1.4724218890740785E-4)
(9179,1.4724218890740785E-4)
(5779,1.4724218890740785E-4)
(3579,1.4724218890740785E-4)
(8879,1.4724218890740785E-4)
(2679,1.4724218890740785E-4)
(5579,1.4724218890740785E-4)
(8579,1.4724218890740785E-4)
(8379,1.4724218890740785E-4)
(479,1.4724218890740785E-4)
(9979,1.4724218890740785E-4)
(2179,1.4724218890740785E-4)
(1079,1.4724218890740785E-4)
(579,1.4724218890740785E-4)
(3779,1.4724218890740785E-4)
(9879,1.4724218890740785E-4)
(4979,1.4724218890740785E-4)
(7579,1.4724218890740785E-4)
(3879,1.4724218890740785E-4)
(879,1.4724218890740785E-4)
(979,1.4724218890740785E-4)
(2579,1.4724218890740785E-4)
(5279,1.4724218890740785E-4)
(6379,1.4724218890740785E-4)
