(7333,7.570690748348726E-5)
(1933,7.570690748348726E-5)
(3833,7.570690748348726E-5)
(2033,7.570690748348726E-5)
(2733,7.570690748348726E-5)
(2833,7.570690748348726E-5)
(6333,7.570690748348726E-5)
(4733,7.570690748348726E-5)
(7633,7.570690748348726E-5)
(2633,7.570690748348726E-5)
(3433,7.570690748348726E-5)
(933,7.570690748348726E-5)
(2433,7.570690748348726E-5)
(5133,7.570690748348726E-5)
(8533,7.570690748348726E-5)
(4833,7.570690748348726E-5)
(4233,7.570690748348726E-5)
(8333,7.570690748348726E-5)
(4433,7.570690748348726E-5)
(9933,7.570690748348726E-5)
(6533,7.570690748348726E-5)
(7533,7.570690748348726E-5)
(5533,7.570690748348726E-5)
(9133,7.570690748348726E-5)
(8433,7.570690748348726E-5)
(5633,7.570690748348726E-5)
(6033,7.570690748348726E-5)
(9033,7.570690748348726E-5)
(7133,7.570690748348726E-5)
(533,7.570690748348726E-5)
(8133,7.570690748348726E-5)
(333,7.570690748348726E-5)
(8033,7.570690748348726E-5)
(9333,7.570690748348726E-5)
(5233,7.570690748348726E-5)
(33,7.570690748348726E-5)
(833,7.570690748348726E-5)
(5933,7.570690748348726E-5)
(6233,7.570690748348726E-5)
(9233,7.570690748348726E-5)
(1333,7.570690748348726E-5)
(8633,7.570690748348726E-5)
(1233,7.570690748348726E-5)
(8933,7.570690748348726E-5)
(4033,7.570690748348726E-5)
(2533,7.570690748348726E-5)
(1533,7.570690748348726E-5)
(5833,7.570690748348726E-5)
(7933,7.570690748348726E-5)
(6933,7.570690748348726E-5)
(8733,7.570690748348726E-5)
(3533,7.570690748348726E-5)
(633,7.570690748348726E-5)
(1033,7.570690748348726E-5)
(6633,7.570690748348726E-5)
(7733,7.570690748348726E-5)
(1633,7.570690748348726E-5)
(1833,7.570690748348726E-5)
(7833,7.570690748348726E-5)
(133,7.570690748348726E-5)
(2233,7.570690748348726E-5)
(4633,7.570690748348726E-5)
(4533,7.570690748348726E-5)
(1733,7.570690748348726E-5)
(9833,7.570690748348726E-5)
(7033,7.570690748348726E-5)
(4133,7.570690748348726E-5)
(6433,7.570690748348726E-5)
(3133,7.570690748348726E-5)
(4333,7.570690748348726E-5)
(1433,7.570690748348726E-5)
(2333,7.570690748348726E-5)
(9733,7.570690748348726E-5)
(4933,7.570690748348726E-5)
(9533,7.570690748348726E-5)
(1133,7.570690748348726E-5)
(6833,7.570690748348726E-5)
(5733,7.570690748348726E-5)
(5033,7.570690748348726E-5)
(2133,7.570690748348726E-5)
(2933,7.570690748348726E-5)
(3233,7.570690748348726E-5)
(8233,7.570690748348726E-5)
(5433,7.570690748348726E-5)
(9433,7.570690748348726E-5)
(233,7.570690748348726E-5)
(3033,7.570690748348726E-5)
(9633,7.570690748348726E-5)
(3933,7.570690748348726E-5)
(3733,7.570690748348726E-5)
(3633,7.570690748348726E-5)
(6133,7.570690748348726E-5)
(3333,7.570690748348726E-5)
(7433,7.570690748348726E-5)
(6733,7.570690748348726E-5)
(5333,7.570690748348726E-5)
(733,7.570690748348726E-5)
(8833,7.570690748348726E-5)
(433,7.570690748348726E-5)
(7233,7.570690748348726E-5)
