(6222,5.317766593457919E-5)
(2322,5.317766593457919E-5)
(7722,5.317766593457919E-5)
(7622,5.317766593457919E-5)
(622,5.317766593457919E-5)
(6622,5.317766593457919E-5)
(7922,5.317766593457919E-5)
(2422,5.317766593457919E-5)
(9922,5.317766593457919E-5)
(1022,5.317766593457919E-5)
(4022,5.317766593457919E-5)
(7422,5.317766593457919E-5)
(5022,5.317766593457919E-5)
(8022,5.317766593457919E-5)
(8722,5.317766593457919E-5)
(9722,5.317766593457919E-5)
(3322,5.317766593457919E-5)
(6322,5.317766593457919E-5)
(9622,5.317766593457919E-5)
(8622,5.317766593457919E-5)
(9122,5.317766593457919E-5)
(5722,5.317766593457919E-5)
(9222,5.317766593457919E-5)
(3822,5.317766593457919E-5)
(4822,5.317766593457919E-5)
(5422,5.317766593457919E-5)
(9822,5.317766593457919E-5)
(3622,5.317766593457919E-5)
(6422,5.317766593457919E-5)
(1722,5.317766593457919E-5)
(8322,5.317766593457919E-5)
(8422,5.317766593457919E-5)
(1222,5.317766593457919E-5)
(6722,5.317766593457919E-5)
(22,5.317766593457919E-5)
(1822,5.317766593457919E-5)
(2122,5.317766593457919E-5)
(4222,5.317766593457919E-5)
(6522,5.317766593457919E-5)
(1922,5.317766593457919E-5)
(5322,5.317766593457919E-5)
(5122,5.317766593457919E-5)
(3122,5.317766593457919E-5)
(5622,5.317766593457919E-5)
(8822,5.317766593457919E-5)
(9522,5.317766593457919E-5)
(1422,5.317766593457919E-5)
(8522,5.317766593457919E-5)
(7322,5.317766593457919E-5)
(3022,5.317766593457919E-5)
(4422,5.317766593457919E-5)
(6122,5.317766593457919E-5)
(9322,5.317766593457919E-5)
(3522,5.317766593457919E-5)
(4722,5.317766593457919E-5)
(3922,5.317766593457919E-5)
(5822,5.317766593457919E-5)
(722,5.317766593457919E-5)
(7222,5.317766593457919E-5)
(9022,5.317766593457919E-5)
(1622,5.317766593457919E-5)
(6022,5.317766593457919E-5)
(2022,5.317766593457919E-5)
(822,5.317766593457919E-5)
(4622,5.317766593457919E-5)
(222,5.317766593457919E-5)
(2922,5.317766593457919E-5)
(2522,5.317766593457919E-5)
(322,5.317766593457919E-5)
(7022,5.317766593457919E-5)
(422,5.317766593457919E-5)
(2822,5.317766593457919E-5)
(1322,5.317766593457919E-5)
(6822,5.317766593457919E-5)
(3722,5.317766593457919E-5)
(122,5.317766593457919E-5)
(5922,5.317766593457919E-5)
(3222,5.317766593457919E-5)
(3422,5.317766593457919E-5)
(8122,5.317766593457919E-5)
(922,5.317766593457919E-5)
(5522,5.317766593457919E-5)
(4522,5.317766593457919E-5)
(7122,5.317766593457919E-5)
(1522,5.317766593457919E-5)
(1122,5.317766593457919E-5)
(2222,5.317766593457919E-5)
(4322,5.317766593457919E-5)
(4122,5.317766593457919E-5)
(7822,5.317766593457919E-5)
(6922,5.317766593457919E-5)
(5222,5.317766593457919E-5)
(8222,5.317766593457919E-5)
(2722,5.317766593457919E-5)
(9422,5.317766593457919E-5)
(4922,5.317766593457919E-5)
(8922,5.317766593457919E-5)
(2622,5.317766593457919E-5)
(7522,5.317766593457919E-5)
(522,5.317766593457919E-5)
