(5045,9.762892559493335E-5)
(8845,9.762892559493335E-5)
(9745,9.762892559493335E-5)
(9545,9.762892559493335E-5)
(1545,9.762892559493335E-5)
(6345,9.762892559493335E-5)
(6845,9.762892559493335E-5)
(5745,9.762892559493335E-5)
(2445,9.762892559493335E-5)
(5445,9.762892559493335E-5)
(2545,9.762892559493335E-5)
(1645,9.762892559493335E-5)
(5945,9.762892559493335E-5)
(1445,9.762892559493335E-5)
(4145,9.762892559493335E-5)
(4645,9.762892559493335E-5)
(7145,9.762892559493335E-5)
(4245,9.762892559493335E-5)
(2145,9.762892559493335E-5)
(5845,9.762892559493335E-5)
(5145,9.762892559493335E-5)
(8245,9.762892559493335E-5)
(6045,9.762892559493335E-5)
(145,9.762892559493335E-5)
(9045,9.762892559493335E-5)
(4545,9.762892559493335E-5)
(5345,9.762892559493335E-5)
(1045,9.762892559493335E-5)
(6145,9.762892559493335E-5)
(3045,9.762892559493335E-5)
(8745,9.762892559493335E-5)
(945,9.762892559493335E-5)
(3745,9.762892559493335E-5)
(7745,9.762892559493335E-5)
(545,9.762892559493335E-5)
(1245,9.762892559493335E-5)
(1845,9.762892559493335E-5)
(845,9.762892559493335E-5)
(4845,9.762892559493335E-5)
(5545,9.762892559493335E-5)
(7845,9.762892559493335E-5)
(7245,9.762892559493335E-5)
(7945,9.762892559493335E-5)
(9445,9.762892559493335E-5)
(8045,9.762892559493335E-5)
(3545,9.762892559493335E-5)
(4345,9.762892559493335E-5)
(4445,9.762892559493335E-5)
(1745,9.762892559493335E-5)
(4045,9.762892559493335E-5)
(3945,9.762892559493335E-5)
(6545,9.762892559493335E-5)
(6645,9.762892559493335E-5)
(8545,9.762892559493335E-5)
(645,9.762892559493335E-5)
(345,9.762892559493335E-5)
(1145,9.762892559493335E-5)
(5645,9.762892559493335E-5)
(2245,9.762892559493335E-5)
(2845,9.762892559493335E-5)
(7645,9.762892559493335E-5)
(9345,9.762892559493335E-5)
(6945,9.762892559493335E-5)
(1945,9.762892559493335E-5)
(445,9.762892559493335E-5)
(45,9.762892559493335E-5)
(9145,9.762892559493335E-5)
(9845,9.762892559493335E-5)
(2345,9.762892559493335E-5)
(8145,9.762892559493335E-5)
(6745,9.762892559493335E-5)
(2645,9.762892559493335E-5)
(4945,9.762892559493335E-5)
(5245,9.762892559493335E-5)
(7345,9.762892559493335E-5)
(8445,9.762892559493335E-5)
(4745,9.762892559493335E-5)
(6445,9.762892559493335E-5)
(3145,9.762892559493335E-5)
(3445,9.762892559493335E-5)
(6245,9.762892559493335E-5)
(3345,9.762892559493335E-5)
(3645,9.762892559493335E-5)
(7045,9.762892559493335E-5)
(7445,9.762892559493335E-5)
(8345,9.762892559493335E-5)
(7545,9.762892559493335E-5)
(9645,9.762892559493335E-5)
(1345,9.762892559493335E-5)
(2045,9.762892559493335E-5)
(3845,9.762892559493335E-5)
(8945,9.762892559493335E-5)
(245,9.762892559493335E-5)
(8645,9.762892559493335E-5)
(2945,9.762892559493335E-5)
(2745,9.762892559493335E-5)
(3245,9.762892559493335E-5)
(9945,9.762892559493335E-5)
(9245,9.762892559493335E-5)
(745,9.762892559493335E-5)
