(7666,1.3022368432519534E-4)
(6466,1.3022368432519534E-4)
(3466,1.3022368432519534E-4)
(5766,1.3022368432519534E-4)
(3966,1.3022368432519534E-4)
(4566,1.3022368432519534E-4)
(4666,1.3022368432519534E-4)
(1166,1.3022368432519534E-4)
(3066,1.3022368432519534E-4)
(2466,1.3022368432519534E-4)
(8566,1.3022368432519534E-4)
(66,1.3022368432519534E-4)
(9066,1.3022368432519534E-4)
(8166,1.3022368432519534E-4)
(1666,1.3022368432519534E-4)
(1566,1.3022368432519534E-4)
(9166,1.3022368432519534E-4)
(466,1.3022368432519534E-4)
(4166,1.3022368432519534E-4)
(5866,1.3022368432519534E-4)
(5066,1.3022368432519534E-4)
(1866,1.3022368432519534E-4)
(7966,1.3022368432519534E-4)
(1466,1.3022368432519534E-4)
(8766,1.3022368432519534E-4)
(8066,1.3022368432519534E-4)
(9466,1.3022368432519534E-4)
(1266,1.3022368432519534E-4)
(6766,1.3022368432519534E-4)
(1766,1.3022368432519534E-4)
(3766,1.3022368432519534E-4)
(4066,1.3022368432519534E-4)
(6566,1.3022368432519534E-4)
(2066,1.3022368432519534E-4)
(3566,1.3022368432519534E-4)
(366,1.3022368432519534E-4)
(666,1.3022368432519534E-4)
(166,1.3022368432519534E-4)
(6366,1.3022368432519534E-4)
(2866,1.3022368432519534E-4)
(4866,1.3022368432519534E-4)
(5566,1.3022368432519534E-4)
(2266,1.3022368432519534E-4)
(9966,1.3022368432519534E-4)
(8966,1.3022368432519534E-4)
(9566,1.3022368432519534E-4)
(8866,1.3022368432519534E-4)
(3266,1.3022368432519534E-4)
(5266,1.3022368432519534E-4)
(9866,1.3022368432519534E-4)
(7366,1.3022368432519534E-4)
(9266,1.3022368432519534E-4)
(6266,1.3022368432519534E-4)
(9666,1.3022368432519534E-4)
(4266,1.3022368432519534E-4)
(7766,1.3022368432519534E-4)
(766,1.3022368432519534E-4)
(5366,1.3022368432519534E-4)
(866,1.3022368432519534E-4)
(7466,1.3022368432519534E-4)
(266,1.3022368432519534E-4)
(4466,1.3022368432519534E-4)
(6166,1.3022368432519534E-4)
(4366,1.3022368432519534E-4)
(1066,1.3022368432519534E-4)
(6966,1.3022368432519534E-4)
(6066,1.3022368432519534E-4)
(3866,1.3022368432519534E-4)
(6866,1.3022368432519534E-4)
(7066,1.3022368432519534E-4)
(2166,1.3022368432519534E-4)
(9366,1.3022368432519534E-4)
(4966,1.3022368432519534E-4)
(5466,1.3022368432519534E-4)
(1966,1.3022368432519534E-4)
(7866,1.3022368432519534E-4)
(7566,1.3022368432519534E-4)
(2666,1.3022368432519534E-4)
(4766,1.3022368432519534E-4)
(7266,1.3022368432519534E-4)
(966,1.3022368432519534E-4)
(5966,1.3022368432519534E-4)
(566,1.3022368432519534E-4)
(7166,1.3022368432519534E-4)
(3166,1.3022368432519534E-4)
(5166,1.3022368432519534E-4)
(2566,1.3022368432519534E-4)
(8666,1.3022368432519534E-4)
(2766,1.3022368432519534E-4)
(1366,1.3022368432519534E-4)
(8266,1.3022368432519534E-4)
(6666,1.3022368432519534E-4)
(2366,1.3022368432519534E-4)
(8366,1.3022368432519534E-4)
(3366,1.3022368432519534E-4)
(2966,1.3022368432519534E-4)
(8466,1.3022368432519534E-4)
(5666,1.3022368432519534E-4)
(9766,1.3022368432519534E-4)
(3666,1.3022368432519534E-4)
