(6641,9.06104226882823E-5)
(6941,9.06104226882823E-5)
(7041,9.06104226882823E-5)
(641,9.06104226882823E-5)
(9441,9.06104226882823E-5)
(4041,9.06104226882823E-5)
(4341,9.06104226882823E-5)
(5841,9.06104226882823E-5)
(1741,9.06104226882823E-5)
(2441,9.06104226882823E-5)
(7941,9.06104226882823E-5)
(9641,9.06104226882823E-5)
(4741,9.06104226882823E-5)
(7741,9.06104226882823E-5)
(8441,9.06104226882823E-5)
(941,9.06104226882823E-5)
(1341,9.06104226882823E-5)
(8041,9.06104226882823E-5)
(8241,9.06104226882823E-5)
(1141,9.06104226882823E-5)
(8941,9.06104226882823E-5)
(341,9.06104226882823E-5)
(8741,9.06104226882823E-5)
(241,9.06104226882823E-5)
(5941,9.06104226882823E-5)
(1441,9.06104226882823E-5)
(6341,9.06104226882823E-5)
(2041,9.06104226882823E-5)
(41,9.06104226882823E-5)
(9041,9.06104226882823E-5)
(4941,9.06104226882823E-5)
(5641,9.06104226882823E-5)
(5741,9.06104226882823E-5)
(6741,9.06104226882823E-5)
(6841,9.06104226882823E-5)
(6541,9.06104226882823E-5)
(8841,9.06104226882823E-5)
(2541,9.06104226882823E-5)
(6141,9.06104226882823E-5)
(7141,9.06104226882823E-5)
(3041,9.06104226882823E-5)
(8541,9.06104226882823E-5)
(5141,9.06104226882823E-5)
(6441,9.06104226882823E-5)
(8341,9.06104226882823E-5)
(1541,9.06104226882823E-5)
(841,9.06104226882823E-5)
(5041,9.06104226882823E-5)
(1241,9.06104226882823E-5)
(9941,9.06104226882823E-5)
(7241,9.06104226882823E-5)
(2641,9.06104226882823E-5)
(2741,9.06104226882823E-5)
(3341,9.06104226882823E-5)
(9341,9.06104226882823E-5)
(4641,9.06104226882823E-5)
(5341,9.06104226882823E-5)
(541,9.06104226882823E-5)
(9241,9.06104226882823E-5)
(3741,9.06104226882823E-5)
(741,9.06104226882823E-5)
(4141,9.06104226882823E-5)
(7541,9.06104226882823E-5)
(9841,9.06104226882823E-5)
(3841,9.06104226882823E-5)
(9741,9.06104226882823E-5)
(8641,9.06104226882823E-5)
(3541,9.06104226882823E-5)
(1041,9.06104226882823E-5)
(2841,9.06104226882823E-5)
(4541,9.06104226882823E-5)
(2341,9.06104226882823E-5)
(5241,9.06104226882823E-5)
(6041,9.06104226882823E-5)
(3241,9.06104226882823E-5)
(2241,9.06104226882823E-5)
(9541,9.06104226882823E-5)
(441,9.06104226882823E-5)
(4841,9.06104226882823E-5)
(4441,9.06104226882823E-5)
(1941,9.06104226882823E-5)
(1641,9.06104226882823E-5)
(3941,9.06104226882823E-5)
(5441,9.06104226882823E-5)
(5541,9.06104226882823E-5)
(6241,9.06104226882823E-5)
(3641,9.06104226882823E-5)
(1841,9.06104226882823E-5)
(7841,9.06104226882823E-5)
(141,9.06104226882823E-5)
(2941,9.06104226882823E-5)
(4241,9.06104226882823E-5)
(8141,9.06104226882823E-5)
(9141,9.06104226882823E-5)
(2141,9.06104226882823E-5)
(7641,9.06104226882823E-5)
(3141,9.06104226882823E-5)
(7341,9.06104226882823E-5)
(7441,9.06104226882823E-5)
(3441,9.06104226882823E-5)
