(5483,1.5205093980485897E-4)
(9083,1.5205093980485897E-4)
(9883,1.5205093980485897E-4)
(2383,1.5205093980485897E-4)
(6383,1.5205093980485897E-4)
(2683,1.5205093980485897E-4)
(4783,1.5205093980485897E-4)
(8883,1.5205093980485897E-4)
(5083,1.5205093980485897E-4)
(383,1.5205093980485897E-4)
(3983,1.5205093980485897E-4)
(683,1.5205093980485897E-4)
(2183,1.5205093980485897E-4)
(6083,1.5205093980485897E-4)
(1083,1.5205093980485897E-4)
(1483,1.5205093980485897E-4)
(4283,1.5205093980485897E-4)
(8483,1.5205093980485897E-4)
(9983,1.5205093980485897E-4)
(1883,1.5205093980485897E-4)
(8783,1.5205093980485897E-4)
(3383,1.5205093980485897E-4)
(9783,1.5205093980485897E-4)
(483,1.5205093980485897E-4)
(2583,1.5205093980485897E-4)
(4183,1.5205093980485897E-4)
(4683,1.5205093980485897E-4)
(4883,1.5205093980485897E-4)
(583,1.5205093980485897E-4)
(7083,1.5205093980485897E-4)
(1283,1.5205093980485897E-4)
(3683,1.5205093980485897E-4)
(7483,1.5205093980485897E-4)
(283,1.5205093980485897E-4)
(1583,1.5205093980485897E-4)
(6583,1.5205093980485897E-4)
(8983,1.5205093980485897E-4)
(4383,1.5205093980485897E-4)
(2283,1.5205093980485897E-4)
(7383,1.5205093980485897E-4)
(3583,1.5205093980485897E-4)
(9583,1.5205093980485897E-4)
(6283,1.5205093980485897E-4)
(3283,1.5205093980485897E-4)
(2083,1.5205093980485897E-4)
(5583,1.5205093980485897E-4)
(4583,1.5205093980485897E-4)
(2783,1.5205093980485897E-4)
(3883,1.5205093980485897E-4)
(783,1.5205093980485897E-4)
(6783,1.5205093980485897E-4)
(4983,1.5205093980485897E-4)
(883,1.5205093980485897E-4)
(5983,1.5205093980485897E-4)
(5783,1.5205093980485897E-4)
(1383,1.5205093980485897E-4)
(2483,1.5205093980485897E-4)
(6183,1.5205093980485897E-4)
(2883,1.5205093980485897E-4)
(983,1.5205093980485897E-4)
(1683,1.5205093980485897E-4)
(9483,1.5205093980485897E-4)
(7283,1.5205093980485897E-4)
(8183,1.5205093980485897E-4)
(2983,1.5205093980485897E-4)
(83,1.5205093980485897E-4)
(7583,1.5205093980485897E-4)
(8583,1.5205093980485897E-4)
(8283,1.5205093980485897E-4)
(9683,1.5205093980485897E-4)
(183,1.5205093980485897E-4)
(3183,1.5205093980485897E-4)
(5883,1.5205093980485897E-4)
(7983,1.5205093980485897E-4)
(1783,1.5205093980485897E-4)
(5683,1.5205093980485897E-4)
(4083,1.5205093980485897E-4)
(6883,1.5205093980485897E-4)
(9183,1.5205093980485897E-4)
(7883,1.5205093980485897E-4)
(1183,1.5205093980485897E-4)
(6983,1.5205093980485897E-4)
(8083,1.5205093980485897E-4)
(1983,1.5205093980485897E-4)
(5183,1.5205093980485897E-4)
(7183,1.5205093980485897E-4)
(3783,1.5205093980485897E-4)
(7683,1.5205093980485897E-4)
(5383,1.5205093980485897E-4)
(3483,1.5205093980485897E-4)
(9283,1.5205093980485897E-4)
(6483,1.5205093980485897E-4)
(6683,1.5205093980485897E-4)
(9383,1.5205093980485897E-4)
(3083,1.5205093980485897E-4)
(7783,1.5205093980485897E-4)
(8683,1.5205093980485897E-4)
(5283,1.5205093980485897E-4)
(8383,1.5205093980485897E-4)
(4483,1.5205093980485897E-4)
