(6520,4.880986122272696E-5)
(5420,4.880986122272696E-5)
(8220,4.880986122272696E-5)
(5620,4.880986122272696E-5)
(3220,4.880986122272696E-5)
(7420,4.880986122272696E-5)
(320,4.880986122272696E-5)
(4420,4.880986122272696E-5)
(9320,4.880986122272696E-5)
(2920,4.880986122272696E-5)
(7020,4.880986122272696E-5)
(7520,4.880986122272696E-5)
(6220,4.880986122272696E-5)
(520,4.880986122272696E-5)
(7720,4.880986122272696E-5)
(8420,4.880986122272696E-5)
(6820,4.880986122272696E-5)
(5720,4.880986122272696E-5)
(9820,4.880986122272696E-5)
(20,4.880986122272696E-5)
(9120,4.880986122272696E-5)
(4620,4.880986122272696E-5)
(1220,4.880986122272696E-5)
(1920,4.880986122272696E-5)
(2220,4.880986122272696E-5)
(2020,4.880986122272696E-5)
(120,4.880986122272696E-5)
(7620,4.880986122272696E-5)
(420,4.880986122272696E-5)
(7220,4.880986122272696E-5)
(5020,4.880986122272696E-5)
(8120,4.880986122272696E-5)
(3420,4.880986122272696E-5)
(220,4.880986122272696E-5)
(3620,4.880986122272696E-5)
(9920,4.880986122272696E-5)
(8520,4.880986122272696E-5)
(4120,4.880986122272696E-5)
(8920,4.880986122272696E-5)
(4820,4.880986122272696E-5)
(3320,4.880986122272696E-5)
(8020,4.880986122272696E-5)
(9020,4.880986122272696E-5)
(620,4.880986122272696E-5)
(9620,4.880986122272696E-5)
(6120,4.880986122272696E-5)
(8820,4.880986122272696E-5)
(5520,4.880986122272696E-5)
(3720,4.880986122272696E-5)
(4320,4.880986122272696E-5)
(8720,4.880986122272696E-5)
(1520,4.880986122272696E-5)
(2320,4.880986122272696E-5)
(9520,4.880986122272696E-5)
(3820,4.880986122272696E-5)
(2520,4.880986122272696E-5)
(6420,4.880986122272696E-5)
(6620,4.880986122272696E-5)
(720,4.880986122272696E-5)
(3120,4.880986122272696E-5)
(3920,4.880986122272696E-5)
(1320,4.880986122272696E-5)
(3020,4.880986122272696E-5)
(8320,4.880986122272696E-5)
(9220,4.880986122272696E-5)
(9720,4.880986122272696E-5)
(5320,4.880986122272696E-5)
(6020,4.880986122272696E-5)
(4220,4.880986122272696E-5)
(1020,4.880986122272696E-5)
(6920,4.880986122272696E-5)
(4920,4.880986122272696E-5)
(7820,4.880986122272696E-5)
(1120,4.880986122272696E-5)
(2820,4.880986122272696E-5)
(4720,4.880986122272696E-5)
(9420,4.880986122272696E-5)
(6320,4.880986122272696E-5)
(6720,4.880986122272696E-5)
(7120,4.880986122272696E-5)
(4020,4.880986122272696E-5)
(4520,4.880986122272696E-5)
(5120,4.880986122272696E-5)
(2720,4.880986122272696E-5)
(920,4.880986122272696E-5)
(2120,4.880986122272696E-5)
(2620,4.880986122272696E-5)
(7320,4.880986122272696E-5)
(7920,4.880986122272696E-5)
(2420,4.880986122272696E-5)
(5820,4.880986122272696E-5)
(5220,4.880986122272696E-5)
(1620,4.880986122272696E-5)
(1420,4.880986122272696E-5)
(3520,4.880986122272696E-5)
(5920,4.880986122272696E-5)
(1820,4.880986122272696E-5)
(1720,4.880986122272696E-5)
(8620,4.880986122272696E-5)
(820,4.880986122272696E-5)
