(3491,1.6111285567371646E-4)
(9991,1.6111285567371646E-4)
(7391,1.6111285567371646E-4)
(6891,1.6111285567371646E-4)
(491,1.6111285567371646E-4)
(4091,1.6111285567371646E-4)
(5091,1.6111285567371646E-4)
(5591,1.6111285567371646E-4)
(9691,1.6111285567371646E-4)
(8891,1.6111285567371646E-4)
(9791,1.6111285567371646E-4)
(1591,1.6111285567371646E-4)
(8391,1.6111285567371646E-4)
(8491,1.6111285567371646E-4)
(5891,1.6111285567371646E-4)
(6291,1.6111285567371646E-4)
(9091,1.6111285567371646E-4)
(3791,1.6111285567371646E-4)
(791,1.6111285567371646E-4)
(291,1.6111285567371646E-4)
(7291,1.6111285567371646E-4)
(2691,1.6111285567371646E-4)
(4891,1.6111285567371646E-4)
(1891,1.6111285567371646E-4)
(3991,1.6111285567371646E-4)
(2091,1.6111285567371646E-4)
(7591,1.6111285567371646E-4)
(2791,1.6111285567371646E-4)
(6991,1.6111285567371646E-4)
(2491,1.6111285567371646E-4)
(2591,1.6111285567371646E-4)
(8091,1.6111285567371646E-4)
(9491,1.6111285567371646E-4)
(3291,1.6111285567371646E-4)
(7691,1.6111285567371646E-4)
(9291,1.6111285567371646E-4)
(7791,1.6111285567371646E-4)
(1491,1.6111285567371646E-4)
(3391,1.6111285567371646E-4)
(1991,1.6111285567371646E-4)
(91,1.6111285567371646E-4)
(391,1.6111285567371646E-4)
(5291,1.6111285567371646E-4)
(4491,1.6111285567371646E-4)
(4691,1.6111285567371646E-4)
(8191,1.6111285567371646E-4)
(7991,1.6111285567371646E-4)
(3591,1.6111285567371646E-4)
(4791,1.6111285567371646E-4)
(6691,1.6111285567371646E-4)
(9191,1.6111285567371646E-4)
(7491,1.6111285567371646E-4)
(691,1.6111285567371646E-4)
(2291,1.6111285567371646E-4)
(5491,1.6111285567371646E-4)
(191,1.6111285567371646E-4)
(591,1.6111285567371646E-4)
(5191,1.6111285567371646E-4)
(1291,1.6111285567371646E-4)
(8291,1.6111285567371646E-4)
(3191,1.6111285567371646E-4)
(6091,1.6111285567371646E-4)
(3891,1.6111285567371646E-4)
(4391,1.6111285567371646E-4)
(2891,1.6111285567371646E-4)
(1391,1.6111285567371646E-4)
(8691,1.6111285567371646E-4)
(4291,1.6111285567371646E-4)
(4591,1.6111285567371646E-4)
(2391,1.6111285567371646E-4)
(7091,1.6111285567371646E-4)
(3091,1.6111285567371646E-4)
(7891,1.6111285567371646E-4)
(4191,1.6111285567371646E-4)
(1091,1.6111285567371646E-4)
(5991,1.6111285567371646E-4)
(6791,1.6111285567371646E-4)
(9391,1.6111285567371646E-4)
(8591,1.6111285567371646E-4)
(5391,1.6111285567371646E-4)
(891,1.6111285567371646E-4)
(1691,1.6111285567371646E-4)
(1791,1.6111285567371646E-4)
(6191,1.6111285567371646E-4)
(991,1.6111285567371646E-4)
(6591,1.6111285567371646E-4)
(6391,1.6111285567371646E-4)
(6491,1.6111285567371646E-4)
(5691,1.6111285567371646E-4)
(5791,1.6111285567371646E-4)
(9891,1.6111285567371646E-4)
(2191,1.6111285567371646E-4)
(1191,1.6111285567371646E-4)
(4991,1.6111285567371646E-4)
(9591,1.6111285567371646E-4)
(7191,1.6111285567371646E-4)
(3691,1.6111285567371646E-4)
(8791,1.6111285567371646E-4)
(8991,1.6111285567371646E-4)
(2991,1.6111285567371646E-4)
