(9946,9.934033606371769E-5)
(6246,9.934033606371769E-5)
(1146,9.934033606371769E-5)
(7846,9.934033606371769E-5)
(9246,9.934033606371769E-5)
(1546,9.934033606371769E-5)
(5046,9.934033606371769E-5)
(3446,9.934033606371769E-5)
(9546,9.934033606371769E-5)
(346,9.934033606371769E-5)
(146,9.934033606371769E-5)
(5346,9.934033606371769E-5)
(4846,9.934033606371769E-5)
(7146,9.934033606371769E-5)
(1446,9.934033606371769E-5)
(9846,9.934033606371769E-5)
(5246,9.934033606371769E-5)
(6846,9.934033606371769E-5)
(3746,9.934033606371769E-5)
(5946,9.934033606371769E-5)
(1246,9.934033606371769E-5)
(6146,9.934033606371769E-5)
(2346,9.934033606371769E-5)
(7346,9.934033606371769E-5)
(4646,9.934033606371769E-5)
(1346,9.934033606371769E-5)
(3246,9.934033606371769E-5)
(46,9.934033606371769E-5)
(2946,9.934033606371769E-5)
(7046,9.934033606371769E-5)
(646,9.934033606371769E-5)
(6746,9.934033606371769E-5)
(3546,9.934033606371769E-5)
(8946,9.934033606371769E-5)
(9646,9.934033606371769E-5)
(846,9.934033606371769E-5)
(2846,9.934033606371769E-5)
(1046,9.934033606371769E-5)
(7746,9.934033606371769E-5)
(7946,9.934033606371769E-5)
(8246,9.934033606371769E-5)
(4246,9.934033606371769E-5)
(8746,9.934033606371769E-5)
(8046,9.934033606371769E-5)
(8446,9.934033606371769E-5)
(9746,9.934033606371769E-5)
(5546,9.934033606371769E-5)
(4746,9.934033606371769E-5)
(6446,9.934033606371769E-5)
(1846,9.934033606371769E-5)
(946,9.934033606371769E-5)
(4046,9.934033606371769E-5)
(2146,9.934033606371769E-5)
(9146,9.934033606371769E-5)
(6046,9.934033606371769E-5)
(3646,9.934033606371769E-5)
(246,9.934033606371769E-5)
(2046,9.934033606371769E-5)
(4946,9.934033606371769E-5)
(8146,9.934033606371769E-5)
(1946,9.934033606371769E-5)
(3046,9.934033606371769E-5)
(5746,9.934033606371769E-5)
(746,9.934033606371769E-5)
(2446,9.934033606371769E-5)
(5146,9.934033606371769E-5)
(546,9.934033606371769E-5)
(9446,9.934033606371769E-5)
(5446,9.934033606371769E-5)
(5646,9.934033606371769E-5)
(7246,9.934033606371769E-5)
(4146,9.934033606371769E-5)
(7646,9.934033606371769E-5)
(4346,9.934033606371769E-5)
(3146,9.934033606371769E-5)
(8346,9.934033606371769E-5)
(1746,9.934033606371769E-5)
(2246,9.934033606371769E-5)
(8546,9.934033606371769E-5)
(3346,9.934033606371769E-5)
(9046,9.934033606371769E-5)
(3846,9.934033606371769E-5)
(6646,9.934033606371769E-5)
(4546,9.934033606371769E-5)
(1646,9.934033606371769E-5)
(2546,9.934033606371769E-5)
(8846,9.934033606371769E-5)
(5846,9.934033606371769E-5)
(446,9.934033606371769E-5)
(2646,9.934033606371769E-5)
(7546,9.934033606371769E-5)
(8646,9.934033606371769E-5)
(9346,9.934033606371769E-5)
(6946,9.934033606371769E-5)
(2746,9.934033606371769E-5)
(4446,9.934033606371769E-5)
(6546,9.934033606371769E-5)
(7446,9.934033606371769E-5)
(6346,9.934033606371769E-5)
(3946,9.934033606371769E-5)
