(5812,3.044288920149193E-5)
(7912,3.044288920149193E-5)
(6312,3.044288920149193E-5)
(5912,3.044288920149193E-5)
(6012,3.044288920149193E-5)
(412,3.044288920149193E-5)
(2412,3.044288920149193E-5)
(6112,3.044288920149193E-5)
(4512,3.044288920149193E-5)
(2112,3.044288920149193E-5)
(3612,3.044288920149193E-5)
(8512,3.044288920149193E-5)
(4212,3.044288920149193E-5)
(9812,3.044288920149193E-5)
(9712,3.044288920149193E-5)
(7412,3.044288920149193E-5)
(912,3.044288920149193E-5)
(5712,3.044288920149193E-5)
(8212,3.044288920149193E-5)
(1112,3.044288920149193E-5)
(212,3.044288920149193E-5)
(8112,3.044288920149193E-5)
(3712,3.044288920149193E-5)
(6712,3.044288920149193E-5)
(8812,3.044288920149193E-5)
(9512,3.044288920149193E-5)
(3012,3.044288920149193E-5)
(12,3.044288920149193E-5)
(2812,3.044288920149193E-5)
(612,3.044288920149193E-5)
(8312,3.044288920149193E-5)
(9412,3.044288920149193E-5)
(712,3.044288920149193E-5)
(3812,3.044288920149193E-5)
(1812,3.044288920149193E-5)
(512,3.044288920149193E-5)
(112,3.044288920149193E-5)
(4312,3.044288920149193E-5)
(1612,3.044288920149193E-5)
(1412,3.044288920149193E-5)
(9212,3.044288920149193E-5)
(6612,3.044288920149193E-5)
(2512,3.044288920149193E-5)
(7812,3.044288920149193E-5)
(6812,3.044288920149193E-5)
(5512,3.044288920149193E-5)
(812,3.044288920149193E-5)
(1712,3.044288920149193E-5)
(4412,3.044288920149193E-5)
(5612,3.044288920149193E-5)
(3212,3.044288920149193E-5)
(6412,3.044288920149193E-5)
(4612,3.044288920149193E-5)
(4812,3.044288920149193E-5)
(2712,3.044288920149193E-5)
(8412,3.044288920149193E-5)
(2912,3.044288920149193E-5)
(8712,3.044288920149193E-5)
(3112,3.044288920149193E-5)
(9012,3.044288920149193E-5)
(8912,3.044288920149193E-5)
(312,3.044288920149193E-5)
(7612,3.044288920149193E-5)
(2212,3.044288920149193E-5)
(3412,3.044288920149193E-5)
(1012,3.044288920149193E-5)
(6512,3.044288920149193E-5)
(9912,3.044288920149193E-5)
(5012,3.044288920149193E-5)
(2012,3.044288920149193E-5)
(3912,3.044288920149193E-5)
(5112,3.044288920149193E-5)
(2312,3.044288920149193E-5)
(1912,3.044288920149193E-5)
(1512,3.044288920149193E-5)
(3312,3.044288920149193E-5)
(5312,3.044288920149193E-5)
(7712,3.044288920149193E-5)
(4012,3.044288920149193E-5)
(7012,3.044288920149193E-5)
(7212,3.044288920149193E-5)
(7312,3.044288920149193E-5)
(2612,3.044288920149193E-5)
(4912,3.044288920149193E-5)
(6912,3.044288920149193E-5)
(8612,3.044288920149193E-5)
(6212,3.044288920149193E-5)
(1212,3.044288920149193E-5)
(3512,3.044288920149193E-5)
(5212,3.044288920149193E-5)
(9612,3.044288920149193E-5)
(4712,3.044288920149193E-5)
(8012,3.044288920149193E-5)
(5412,3.044288920149193E-5)
(1312,3.044288920149193E-5)
(4112,3.044288920149193E-5)
(9112,3.044288920149193E-5)
(9312,3.044288920149193E-5)
(7512,3.044288920149193E-5)
(7112,3.044288920149193E-5)
