(3984,1.5322351844978266E-4)
(1084,1.5322351844978266E-4)
(2684,1.5322351844978266E-4)
(4684,1.5322351844978266E-4)
(9884,1.5322351844978266E-4)
(9984,1.5322351844978266E-4)
(2484,1.5322351844978266E-4)
(5784,1.5322351844978266E-4)
(7184,1.5322351844978266E-4)
(7584,1.5322351844978266E-4)
(2384,1.5322351844978266E-4)
(4784,1.5322351844978266E-4)
(5584,1.5322351844978266E-4)
(6384,1.5322351844978266E-4)
(1584,1.5322351844978266E-4)
(5384,1.5322351844978266E-4)
(3684,1.5322351844978266E-4)
(7084,1.5322351844978266E-4)
(8084,1.5322351844978266E-4)
(9484,1.5322351844978266E-4)
(3584,1.5322351844978266E-4)
(8484,1.5322351844978266E-4)
(4884,1.5322351844978266E-4)
(9384,1.5322351844978266E-4)
(6884,1.5322351844978266E-4)
(5184,1.5322351844978266E-4)
(7484,1.5322351844978266E-4)
(7884,1.5322351844978266E-4)
(1284,1.5322351844978266E-4)
(2584,1.5322351844978266E-4)
(3884,1.5322351844978266E-4)
(184,1.5322351844978266E-4)
(2984,1.5322351844978266E-4)
(8784,1.5322351844978266E-4)
(5484,1.5322351844978266E-4)
(2284,1.5322351844978266E-4)
(9284,1.5322351844978266E-4)
(6984,1.5322351844978266E-4)
(584,1.5322351844978266E-4)
(1184,1.5322351844978266E-4)
(2084,1.5322351844978266E-4)
(2184,1.5322351844978266E-4)
(284,1.5322351844978266E-4)
(6684,1.5322351844978266E-4)
(9084,1.5322351844978266E-4)
(1684,1.5322351844978266E-4)
(4284,1.5322351844978266E-4)
(7784,1.5322351844978266E-4)
(5884,1.5322351844978266E-4)
(4984,1.5322351844978266E-4)
(784,1.5322351844978266E-4)
(4384,1.5322351844978266E-4)
(6484,1.5322351844978266E-4)
(1784,1.5322351844978266E-4)
(2784,1.5322351844978266E-4)
(884,1.5322351844978266E-4)
(6284,1.5322351844978266E-4)
(6784,1.5322351844978266E-4)
(5984,1.5322351844978266E-4)
(1884,1.5322351844978266E-4)
(8884,1.5322351844978266E-4)
(9784,1.5322351844978266E-4)
(4484,1.5322351844978266E-4)
(5284,1.5322351844978266E-4)
(5684,1.5322351844978266E-4)
(9584,1.5322351844978266E-4)
(7284,1.5322351844978266E-4)
(9684,1.5322351844978266E-4)
(3084,1.5322351844978266E-4)
(6184,1.5322351844978266E-4)
(9184,1.5322351844978266E-4)
(2884,1.5322351844978266E-4)
(7984,1.5322351844978266E-4)
(4184,1.5322351844978266E-4)
(84,1.5322351844978266E-4)
(1384,1.5322351844978266E-4)
(1984,1.5322351844978266E-4)
(8984,1.5322351844978266E-4)
(5084,1.5322351844978266E-4)
(8284,1.5322351844978266E-4)
(1484,1.5322351844978266E-4)
(3484,1.5322351844978266E-4)
(4084,1.5322351844978266E-4)
(3284,1.5322351844978266E-4)
(7684,1.5322351844978266E-4)
(8384,1.5322351844978266E-4)
(8184,1.5322351844978266E-4)
(8684,1.5322351844978266E-4)
(984,1.5322351844978266E-4)
(3384,1.5322351844978266E-4)
(4584,1.5322351844978266E-4)
(6084,1.5322351844978266E-4)
(8584,1.5322351844978266E-4)
(7384,1.5322351844978266E-4)
(6584,1.5322351844978266E-4)
(3184,1.5322351844978266E-4)
(484,1.5322351844978266E-4)
(3784,1.5322351844978266E-4)
(684,1.5322351844978266E-4)
(384,1.5322351844978266E-4)
