(8128,6.577145173213953E-5)
(2328,6.577145173213953E-5)
(2828,6.577145173213953E-5)
(8028,6.577145173213953E-5)
(428,6.577145173213953E-5)
(1328,6.577145173213953E-5)
(3728,6.577145173213953E-5)
(3528,6.577145173213953E-5)
(7528,6.577145173213953E-5)
(1528,6.577145173213953E-5)
(828,6.577145173213953E-5)
(4928,6.577145173213953E-5)
(5928,6.577145173213953E-5)
(1128,6.577145173213953E-5)
(6028,6.577145173213953E-5)
(728,6.577145173213953E-5)
(228,6.577145173213953E-5)
(628,6.577145173213953E-5)
(5628,6.577145173213953E-5)
(9428,6.577145173213953E-5)
(9328,6.577145173213953E-5)
(6928,6.577145173213953E-5)
(1028,6.577145173213953E-5)
(6228,6.577145173213953E-5)
(4628,6.577145173213953E-5)
(4528,6.577145173213953E-5)
(7928,6.577145173213953E-5)
(5728,6.577145173213953E-5)
(3328,6.577145173213953E-5)
(5828,6.577145173213953E-5)
(6528,6.577145173213953E-5)
(7128,6.577145173213953E-5)
(9828,6.577145173213953E-5)
(3628,6.577145173213953E-5)
(2028,6.577145173213953E-5)
(6328,6.577145173213953E-5)
(9928,6.577145173213953E-5)
(5228,6.577145173213953E-5)
(2728,6.577145173213953E-5)
(528,6.577145173213953E-5)
(5028,6.577145173213953E-5)
(7828,6.577145173213953E-5)
(6128,6.577145173213953E-5)
(7728,6.577145173213953E-5)
(1228,6.577145173213953E-5)
(2128,6.577145173213953E-5)
(8428,6.577145173213953E-5)
(3828,6.577145173213953E-5)
(9528,6.577145173213953E-5)
(4828,6.577145173213953E-5)
(9028,6.577145173213953E-5)
(328,6.577145173213953E-5)
(3428,6.577145173213953E-5)
(1828,6.577145173213953E-5)
(2628,6.577145173213953E-5)
(7028,6.577145173213953E-5)
(8328,6.577145173213953E-5)
(6728,6.577145173213953E-5)
(2928,6.577145173213953E-5)
(4228,6.577145173213953E-5)
(3228,6.577145173213953E-5)
(8628,6.577145173213953E-5)
(28,6.577145173213953E-5)
(2428,6.577145173213953E-5)
(8528,6.577145173213953E-5)
(928,6.577145173213953E-5)
(1628,6.577145173213953E-5)
(6628,6.577145173213953E-5)
(7228,6.577145173213953E-5)
(9228,6.577145173213953E-5)
(7428,6.577145173213953E-5)
(5328,6.577145173213953E-5)
(1728,6.577145173213953E-5)
(6428,6.577145173213953E-5)
(5528,6.577145173213953E-5)
(9728,6.577145173213953E-5)
(7328,6.577145173213953E-5)
(4128,6.577145173213953E-5)
(4728,6.577145173213953E-5)
(5428,6.577145173213953E-5)
(4428,6.577145173213953E-5)
(2228,6.577145173213953E-5)
(2528,6.577145173213953E-5)
(3928,6.577145173213953E-5)
(4328,6.577145173213953E-5)
(8828,6.577145173213953E-5)
(9128,6.577145173213953E-5)
(128,6.577145173213953E-5)
(1928,6.577145173213953E-5)
(1428,6.577145173213953E-5)
(5128,6.577145173213953E-5)
(8928,6.577145173213953E-5)
(7628,6.577145173213953E-5)
(6828,6.577145173213953E-5)
(4028,6.577145173213953E-5)
(8728,6.577145173213953E-5)
(3028,6.577145173213953E-5)
(3128,6.577145173213953E-5)
(8228,6.577145173213953E-5)
(9628,6.577145173213953E-5)
