(7942,9.239132328485526E-5)
(2242,9.239132328485526E-5)
(9342,9.239132328485526E-5)
(8542,9.239132328485526E-5)
(1042,9.239132328485526E-5)
(5342,9.239132328485526E-5)
(3942,9.239132328485526E-5)
(3042,9.239132328485526E-5)
(1742,9.239132328485526E-5)
(5742,9.239132328485526E-5)
(3342,9.239132328485526E-5)
(7142,9.239132328485526E-5)
(7642,9.239132328485526E-5)
(342,9.239132328485526E-5)
(1242,9.239132328485526E-5)
(2442,9.239132328485526E-5)
(3842,9.239132328485526E-5)
(2842,9.239132328485526E-5)
(4342,9.239132328485526E-5)
(6342,9.239132328485526E-5)
(1542,9.239132328485526E-5)
(4842,9.239132328485526E-5)
(8042,9.239132328485526E-5)
(7842,9.239132328485526E-5)
(8342,9.239132328485526E-5)
(8942,9.239132328485526E-5)
(742,9.239132328485526E-5)
(2142,9.239132328485526E-5)
(4542,9.239132328485526E-5)
(3142,9.239132328485526E-5)
(142,9.239132328485526E-5)
(6842,9.239132328485526E-5)
(4142,9.239132328485526E-5)
(4642,9.239132328485526E-5)
(6742,9.239132328485526E-5)
(4042,9.239132328485526E-5)
(842,9.239132328485526E-5)
(3642,9.239132328485526E-5)
(6642,9.239132328485526E-5)
(442,9.239132328485526E-5)
(1442,9.239132328485526E-5)
(5242,9.239132328485526E-5)
(8442,9.239132328485526E-5)
(4942,9.239132328485526E-5)
(2942,9.239132328485526E-5)
(7742,9.239132328485526E-5)
(5542,9.239132328485526E-5)
(8842,9.239132328485526E-5)
(9042,9.239132328485526E-5)
(9642,9.239132328485526E-5)
(1842,9.239132328485526E-5)
(8242,9.239132328485526E-5)
(3442,9.239132328485526E-5)
(1942,9.239132328485526E-5)
(3542,9.239132328485526E-5)
(6042,9.239132328485526E-5)
(5642,9.239132328485526E-5)
(7042,9.239132328485526E-5)
(5442,9.239132328485526E-5)
(8142,9.239132328485526E-5)
(9542,9.239132328485526E-5)
(6442,9.239132328485526E-5)
(6542,9.239132328485526E-5)
(8642,9.239132328485526E-5)
(6142,9.239132328485526E-5)
(7442,9.239132328485526E-5)
(4742,9.239132328485526E-5)
(5942,9.239132328485526E-5)
(2042,9.239132328485526E-5)
(5842,9.239132328485526E-5)
(242,9.239132328485526E-5)
(6942,9.239132328485526E-5)
(2642,9.239132328485526E-5)
(4442,9.239132328485526E-5)
(9142,9.239132328485526E-5)
(942,9.239132328485526E-5)
(9242,9.239132328485526E-5)
(2342,9.239132328485526E-5)
(3742,9.239132328485526E-5)
(2742,9.239132328485526E-5)
(7242,9.239132328485526E-5)
(1342,9.239132328485526E-5)
(5142,9.239132328485526E-5)
(2542,9.239132328485526E-5)
(8742,9.239132328485526E-5)
(4242,9.239132328485526E-5)
(5042,9.239132328485526E-5)
(1642,9.239132328485526E-5)
(42,9.239132328485526E-5)
(1142,9.239132328485526E-5)
(642,9.239132328485526E-5)
(9842,9.239132328485526E-5)
(7342,9.239132328485526E-5)
(542,9.239132328485526E-5)
(9742,9.239132328485526E-5)
(9942,9.239132328485526E-5)
(7542,9.239132328485526E-5)
(3242,9.239132328485526E-5)
(6242,9.239132328485526E-5)
(9442,9.239132328485526E-5)
