(7925,5.9568536106544936E-5)
(1525,5.9568536106544936E-5)
(6825,5.9568536106544936E-5)
(9625,5.9568536106544936E-5)
(7125,5.9568536106544936E-5)
(6025,5.9568536106544936E-5)
(1625,5.9568536106544936E-5)
(5325,5.9568536106544936E-5)
(125,5.9568536106544936E-5)
(1925,5.9568536106544936E-5)
(3225,5.9568536106544936E-5)
(625,5.9568536106544936E-5)
(3325,5.9568536106544936E-5)
(1325,5.9568536106544936E-5)
(5525,5.9568536106544936E-5)
(7725,5.9568536106544936E-5)
(3625,5.9568536106544936E-5)
(9225,5.9568536106544936E-5)
(9025,5.9568536106544936E-5)
(725,5.9568536106544936E-5)
(1725,5.9568536106544936E-5)
(5625,5.9568536106544936E-5)
(7025,5.9568536106544936E-5)
(6925,5.9568536106544936E-5)
(4825,5.9568536106544936E-5)
(2425,5.9568536106544936E-5)
(7825,5.9568536106544936E-5)
(25,5.9568536106544936E-5)
(6525,5.9568536106544936E-5)
(7325,5.9568536106544936E-5)
(9425,5.9568536106544936E-5)
(8225,5.9568536106544936E-5)
(3725,5.9568536106544936E-5)
(8525,5.9568536106544936E-5)
(6225,5.9568536106544936E-5)
(2325,5.9568536106544936E-5)
(2225,5.9568536106544936E-5)
(825,5.9568536106544936E-5)
(4625,5.9568536106544936E-5)
(4325,5.9568536106544936E-5)
(1425,5.9568536106544936E-5)
(6425,5.9568536106544936E-5)
(3025,5.9568536106544936E-5)
(4125,5.9568536106544936E-5)
(7425,5.9568536106544936E-5)
(425,5.9568536106544936E-5)
(6125,5.9568536106544936E-5)
(6725,5.9568536106544936E-5)
(4225,5.9568536106544936E-5)
(9125,5.9568536106544936E-5)
(525,5.9568536106544936E-5)
(4425,5.9568536106544936E-5)
(4925,5.9568536106544936E-5)
(225,5.9568536106544936E-5)
(2525,5.9568536106544936E-5)
(4725,5.9568536106544936E-5)
(7625,5.9568536106544936E-5)
(8625,5.9568536106544936E-5)
(9525,5.9568536106544936E-5)
(9925,5.9568536106544936E-5)
(2725,5.9568536106544936E-5)
(325,5.9568536106544936E-5)
(1125,5.9568536106544936E-5)
(4525,5.9568536106544936E-5)
(4025,5.9568536106544936E-5)
(5925,5.9568536106544936E-5)
(6625,5.9568536106544936E-5)
(8725,5.9568536106544936E-5)
(925,5.9568536106544936E-5)
(5125,5.9568536106544936E-5)
(8025,5.9568536106544936E-5)
(2825,5.9568536106544936E-5)
(5225,5.9568536106544936E-5)
(6325,5.9568536106544936E-5)
(3125,5.9568536106544936E-5)
(1025,5.9568536106544936E-5)
(7525,5.9568536106544936E-5)
(1825,5.9568536106544936E-5)
(2625,5.9568536106544936E-5)
(5025,5.9568536106544936E-5)
(7225,5.9568536106544936E-5)
(3425,5.9568536106544936E-5)
(8125,5.9568536106544936E-5)
(8325,5.9568536106544936E-5)
(1225,5.9568536106544936E-5)
(5425,5.9568536106544936E-5)
(2925,5.9568536106544936E-5)
(3925,5.9568536106544936E-5)
(2125,5.9568536106544936E-5)
(9325,5.9568536106544936E-5)
(8825,5.9568536106544936E-5)
(9825,5.9568536106544936E-5)
(2025,5.9568536106544936E-5)
(8925,5.9568536106544936E-5)
(8425,5.9568536106544936E-5)
(5825,5.9568536106544936E-5)
(3825,5.9568536106544936E-5)
(5725,5.9568536106544936E-5)
(3525,5.9568536106544936E-5)
(9725,5.9568536106544936E-5)
