(4029,6.779828273421888E-5)
(5629,6.779828273421888E-5)
(2229,6.779828273421888E-5)
(5929,6.779828273421888E-5)
(529,6.779828273421888E-5)
(4729,6.779828273421888E-5)
(6929,6.779828273421888E-5)
(729,6.779828273421888E-5)
(9629,6.779828273421888E-5)
(1429,6.779828273421888E-5)
(2129,6.779828273421888E-5)
(2529,6.779828273421888E-5)
(6729,6.779828273421888E-5)
(3229,6.779828273421888E-5)
(1329,6.779828273421888E-5)
(8229,6.779828273421888E-5)
(9129,6.779828273421888E-5)
(5429,6.779828273421888E-5)
(7929,6.779828273421888E-5)
(2729,6.779828273421888E-5)
(2629,6.779828273421888E-5)
(7529,6.779828273421888E-5)
(7029,6.779828273421888E-5)
(9829,6.779828273421888E-5)
(5129,6.779828273421888E-5)
(9029,6.779828273421888E-5)
(6229,6.779828273421888E-5)
(6129,6.779828273421888E-5)
(6329,6.779828273421888E-5)
(8329,6.779828273421888E-5)
(3029,6.779828273421888E-5)
(5529,6.779828273421888E-5)
(6629,6.779828273421888E-5)
(1729,6.779828273421888E-5)
(8129,6.779828273421888E-5)
(429,6.779828273421888E-5)
(5229,6.779828273421888E-5)
(7129,6.779828273421888E-5)
(3129,6.779828273421888E-5)
(2429,6.779828273421888E-5)
(3729,6.779828273421888E-5)
(6529,6.779828273421888E-5)
(3829,6.779828273421888E-5)
(4329,6.779828273421888E-5)
(7729,6.779828273421888E-5)
(8929,6.779828273421888E-5)
(1029,6.779828273421888E-5)
(8429,6.779828273421888E-5)
(2929,6.779828273421888E-5)
(929,6.779828273421888E-5)
(3629,6.779828273421888E-5)
(2029,6.779828273421888E-5)
(229,6.779828273421888E-5)
(4529,6.779828273421888E-5)
(6029,6.779828273421888E-5)
(29,6.779828273421888E-5)
(4129,6.779828273421888E-5)
(8629,6.779828273421888E-5)
(8729,6.779828273421888E-5)
(7829,6.779828273421888E-5)
(6429,6.779828273421888E-5)
(7629,6.779828273421888E-5)
(1829,6.779828273421888E-5)
(4629,6.779828273421888E-5)
(2829,6.779828273421888E-5)
(1629,6.779828273421888E-5)
(9229,6.779828273421888E-5)
(4229,6.779828273421888E-5)
(7429,6.779828273421888E-5)
(629,6.779828273421888E-5)
(1929,6.779828273421888E-5)
(5729,6.779828273421888E-5)
(7229,6.779828273421888E-5)
(8829,6.779828273421888E-5)
(1229,6.779828273421888E-5)
(1129,6.779828273421888E-5)
(9929,6.779828273421888E-5)
(7329,6.779828273421888E-5)
(6829,6.779828273421888E-5)
(3529,6.779828273421888E-5)
(1529,6.779828273421888E-5)
(5829,6.779828273421888E-5)
(3329,6.779828273421888E-5)
(329,6.779828273421888E-5)
(3429,6.779828273421888E-5)
(829,6.779828273421888E-5)
(2329,6.779828273421888E-5)
(9329,6.779828273421888E-5)
(9529,6.779828273421888E-5)
(5329,6.779828273421888E-5)
(8029,6.779828273421888E-5)
(9729,6.779828273421888E-5)
(8529,6.779828273421888E-5)
(4929,6.779828273421888E-5)
(9429,6.779828273421888E-5)
(4829,6.779828273421888E-5)
(5029,6.779828273421888E-5)
(4429,6.779828273421888E-5)
(3929,6.779828273421888E-5)
(129,6.779828273421888E-5)
