(893,1.6326784773145159E-4)
(4193,1.6326784773145159E-4)
(4993,1.6326784773145159E-4)
(4293,1.6326784773145159E-4)
(593,1.6326784773145159E-4)
(193,1.6326784773145159E-4)
(7693,1.6326784773145159E-4)
(9593,1.6326784773145159E-4)
(2493,1.6326784773145159E-4)
(3293,1.6326784773145159E-4)
(5593,1.6326784773145159E-4)
(9993,1.6326784773145159E-4)
(1793,1.6326784773145159E-4)
(3093,1.6326784773145159E-4)
(4693,1.6326784773145159E-4)
(9193,1.6326784773145159E-4)
(6293,1.6326784773145159E-4)
(6793,1.6326784773145159E-4)
(9693,1.6326784773145159E-4)
(1393,1.6326784773145159E-4)
(6893,1.6326784773145159E-4)
(6593,1.6326784773145159E-4)
(2893,1.6326784773145159E-4)
(3893,1.6326784773145159E-4)
(5893,1.6326784773145159E-4)
(4393,1.6326784773145159E-4)
(4593,1.6326784773145159E-4)
(7793,1.6326784773145159E-4)
(2693,1.6326784773145159E-4)
(1893,1.6326784773145159E-4)
(2993,1.6326784773145159E-4)
(3693,1.6326784773145159E-4)
(7393,1.6326784773145159E-4)
(393,1.6326784773145159E-4)
(293,1.6326784773145159E-4)
(93,1.6326784773145159E-4)
(2793,1.6326784773145159E-4)
(8293,1.6326784773145159E-4)
(4793,1.6326784773145159E-4)
(6393,1.6326784773145159E-4)
(8793,1.6326784773145159E-4)
(9793,1.6326784773145159E-4)
(9393,1.6326784773145159E-4)
(5993,1.6326784773145159E-4)
(2093,1.6326784773145159E-4)
(6693,1.6326784773145159E-4)
(5093,1.6326784773145159E-4)
(993,1.6326784773145159E-4)
(9893,1.6326784773145159E-4)
(8393,1.6326784773145159E-4)
(3793,1.6326784773145159E-4)
(5493,1.6326784773145159E-4)
(1993,1.6326784773145159E-4)
(2593,1.6326784773145159E-4)
(4093,1.6326784773145159E-4)
(7593,1.6326784773145159E-4)
(9093,1.6326784773145159E-4)
(8493,1.6326784773145159E-4)
(6093,1.6326784773145159E-4)
(8193,1.6326784773145159E-4)
(3493,1.6326784773145159E-4)
(8893,1.6326784773145159E-4)
(793,1.6326784773145159E-4)
(5693,1.6326784773145159E-4)
(5793,1.6326784773145159E-4)
(2393,1.6326784773145159E-4)
(3593,1.6326784773145159E-4)
(7293,1.6326784773145159E-4)
(9293,1.6326784773145159E-4)
(7493,1.6326784773145159E-4)
(1593,1.6326784773145159E-4)
(1193,1.6326784773145159E-4)
(693,1.6326784773145159E-4)
(1493,1.6326784773145159E-4)
(1293,1.6326784773145159E-4)
(9493,1.6326784773145159E-4)
(5193,1.6326784773145159E-4)
(7093,1.6326784773145159E-4)
(8093,1.6326784773145159E-4)
(5293,1.6326784773145159E-4)
(1093,1.6326784773145159E-4)
(7893,1.6326784773145159E-4)
(6993,1.6326784773145159E-4)
(5393,1.6326784773145159E-4)
(3193,1.6326784773145159E-4)
(1693,1.6326784773145159E-4)
(6193,1.6326784773145159E-4)
(3993,1.6326784773145159E-4)
(7193,1.6326784773145159E-4)
(2293,1.6326784773145159E-4)
(6493,1.6326784773145159E-4)
(493,1.6326784773145159E-4)
(8693,1.6326784773145159E-4)
(8593,1.6326784773145159E-4)
(4893,1.6326784773145159E-4)
(8993,1.6326784773145159E-4)
(3393,1.6326784773145159E-4)
(2193,1.6326784773145159E-4)
(4493,1.6326784773145159E-4)
(7993,1.6326784773145159E-4)
