(4511,2.8042504264085322E-5)
(1211,2.8042504264085322E-5)
(311,2.8042504264085322E-5)
(11,2.8042504264085322E-5)
(8911,2.8042504264085322E-5)
(111,2.8042504264085322E-5)
(611,2.8042504264085322E-5)
(4111,2.8042504264085322E-5)
(8511,2.8042504264085322E-5)
(9311,2.8042504264085322E-5)
(9911,2.8042504264085322E-5)
(2211,2.8042504264085322E-5)
(2411,2.8042504264085322E-5)
(5811,2.8042504264085322E-5)
(7411,2.8042504264085322E-5)
(9111,2.8042504264085322E-5)
(4811,2.8042504264085322E-5)
(3011,2.8042504264085322E-5)
(211,2.8042504264085322E-5)
(3311,2.8042504264085322E-5)
(5911,2.8042504264085322E-5)
(6711,2.8042504264085322E-5)
(8111,2.8042504264085322E-5)
(8011,2.8042504264085322E-5)
(4411,2.8042504264085322E-5)
(5111,2.8042504264085322E-5)
(9811,2.8042504264085322E-5)
(3211,2.8042504264085322E-5)
(6311,2.8042504264085322E-5)
(4311,2.8042504264085322E-5)
(6811,2.8042504264085322E-5)
(7511,2.8042504264085322E-5)
(411,2.8042504264085322E-5)
(9211,2.8042504264085322E-5)
(3711,2.8042504264085322E-5)
(3611,2.8042504264085322E-5)
(1611,2.8042504264085322E-5)
(7211,2.8042504264085322E-5)
(5511,2.8042504264085322E-5)
(4711,2.8042504264085322E-5)
(7611,2.8042504264085322E-5)
(9711,2.8042504264085322E-5)
(811,2.8042504264085322E-5)
(5311,2.8042504264085322E-5)
(6511,2.8042504264085322E-5)
(6911,2.8042504264085322E-5)
(4011,2.8042504264085322E-5)
(3111,2.8042504264085322E-5)
(7111,2.8042504264085322E-5)
(9511,2.8042504264085322E-5)
(4611,2.8042504264085322E-5)
(511,2.8042504264085322E-5)
(2511,2.8042504264085322E-5)
(5711,2.8042504264085322E-5)
(1311,2.8042504264085322E-5)
(8411,2.8042504264085322E-5)
(711,2.8042504264085322E-5)
(5011,2.8042504264085322E-5)
(6611,2.8042504264085322E-5)
(7911,2.8042504264085322E-5)
(1111,2.8042504264085322E-5)
(5211,2.8042504264085322E-5)
(2611,2.8042504264085322E-5)
(2911,2.8042504264085322E-5)
(5411,2.8042504264085322E-5)
(4211,2.8042504264085322E-5)
(1011,2.8042504264085322E-5)
(6211,2.8042504264085322E-5)
(911,2.8042504264085322E-5)
(8711,2.8042504264085322E-5)
(9011,2.8042504264085322E-5)
(9611,2.8042504264085322E-5)
(2111,2.8042504264085322E-5)
(8811,2.8042504264085322E-5)
(2011,2.8042504264085322E-5)
(8311,2.8042504264085322E-5)
(5611,2.8042504264085322E-5)
(3511,2.8042504264085322E-5)
(2811,2.8042504264085322E-5)
(7311,2.8042504264085322E-5)
(6111,2.8042504264085322E-5)
(7811,2.8042504264085322E-5)
(1811,2.8042504264085322E-5)
(9411,2.8042504264085322E-5)
(2711,2.8042504264085322E-5)
(7711,2.8042504264085322E-5)
(3411,2.8042504264085322E-5)
(1411,2.8042504264085322E-5)
(8611,2.8042504264085322E-5)
(3811,2.8042504264085322E-5)
(6011,2.8042504264085322E-5)
(6411,2.8042504264085322E-5)
(3911,2.8042504264085322E-5)
(4911,2.8042504264085322E-5)
(2311,2.8042504264085322E-5)
(1511,2.8042504264085322E-5)
(7011,2.8042504264085322E-5)
(8211,2.8042504264085322E-5)
(1711,2.8042504264085322E-5)
(1911,2.8042504264085322E-5)
