(1100,1.7048138294215262E-4)
(9200,1.7048138294215262E-4)
(8100,1.7048138294215262E-4)
(600,1.7048138294215262E-4)
(6400,1.7048138294215262E-4)
(1300,1.7048138294215262E-4)
(1900,1.7048138294215262E-4)
(7600,1.7048138294215262E-4)
(4700,1.7048138294215262E-4)
(9000,1.7048138294215262E-4)
(8200,1.7048138294215262E-4)
(1700,1.7048138294215262E-4)
(2800,1.7048138294215262E-4)
(4300,1.7048138294215262E-4)
(8300,1.7048138294215262E-4)
(3900,1.7048138294215262E-4)
(9600,1.7048138294215262E-4)
(400,1.7048138294215262E-4)
(9900,1.7048138294215262E-4)
(5400,1.7048138294215262E-4)
(7900,1.7048138294215262E-4)
(7700,1.7048138294215262E-4)
(9700,1.7048138294215262E-4)
(5800,1.7048138294215262E-4)
(4000,1.7048138294215262E-4)
(5700,1.7048138294215262E-4)
(100,1.7048138294215262E-4)
(6600,1.7048138294215262E-4)
(1200,1.7048138294215262E-4)
(2000,1.7048138294215262E-4)
(2200,1.7048138294215262E-4)
(6700,1.7048138294215262E-4)
(7000,1.7048138294215262E-4)
(7200,1.7048138294215262E-4)
(9300,1.7048138294215262E-4)
(5200,1.7048138294215262E-4)
(300,1.7048138294215262E-4)
(3400,1.7048138294215262E-4)
(200,1.7048138294215262E-4)
(1500,1.7048138294215262E-4)
(5600,1.7048138294215262E-4)
(2700,1.7048138294215262E-4)
(9100,1.7048138294215262E-4)
(3800,1.7048138294215262E-4)
(1600,1.7048138294215262E-4)
(8000,1.7048138294215262E-4)
(7400,1.7048138294215262E-4)
(7100,1.7048138294215262E-4)
(1000,1.7048138294215262E-4)
(5100,1.7048138294215262E-4)
(2100,1.7048138294215262E-4)
(2400,1.7048138294215262E-4)
(800,1.7048138294215262E-4)
(5500,1.7048138294215262E-4)
(6200,1.7048138294215262E-4)
(10000,1.7048138294215262E-4)
(4400,1.7048138294215262E-4)
(2500,1.7048138294215262E-4)
(3200,1.7048138294215262E-4)
(9400,1.7048138294215262E-4)
(4900,1.7048138294215262E-4)
(3100,1.7048138294215262E-4)
(4500,1.7048138294215262E-4)
(1400,1.7048138294215262E-4)
(3500,1.7048138294215262E-4)
(4100,1.7048138294215262E-4)
(4600,1.7048138294215262E-4)
(500,1.7048138294215262E-4)
(2600,1.7048138294215262E-4)
(5300,1.7048138294215262E-4)
(6000,1.7048138294215262E-4)
(8400,1.7048138294215262E-4)
(9800,1.7048138294215262E-4)
(7800,1.7048138294215262E-4)
(8700,1.7048138294215262E-4)
(8500,1.7048138294215262E-4)
(1800,1.7048138294215262E-4)
(7300,1.7048138294215262E-4)
(9500,1.7048138294215262E-4)
(2900,1.7048138294215262E-4)
(4800,1.7048138294215262E-4)
(6900,1.7048138294215262E-4)
(6100,1.7048138294215262E-4)
(3700,1.7048138294215262E-4)
(0,0.0)
(3600,1.7048138294215262E-4)
(8900,1.7048138294215262E-4)
(8800,1.7048138294215262E-4)
(7500,1.7048138294215262E-4)
(6800,1.7048138294215262E-4)
(700,1.7048138294215262E-4)
(900,1.7048138294215262E-4)
(8600,1.7048138294215262E-4)
(5000,1.7048138294215262E-4)
(3000,1.7048138294215262E-4)
(6500,1.7048138294215262E-4)
(5900,1.7048138294215262E-4)
(2300,1.7048138294215262E-4)
(4200,1.7048138294215262E-4)
(6300,1.7048138294215262E-4)
(3300,1.7048138294215262E-4)
