(2355,1.1400030821908966E-4)
(8655,1.1400030821908966E-4)
(5055,1.1400030821908966E-4)
(7555,1.1400030821908966E-4)
(7655,1.1400030821908966E-4)
(955,1.1400030821908966E-4)
(7055,1.1400030821908966E-4)
(8855,1.1400030821908966E-4)
(9555,1.1400030821908966E-4)
(2555,1.1400030821908966E-4)
(3155,1.1400030821908966E-4)
(9955,1.1400030821908966E-4)
(2055,1.1400030821908966E-4)
(5755,1.1400030821908966E-4)
(1355,1.1400030821908966E-4)
(3255,1.1400030821908966E-4)
(1155,1.1400030821908966E-4)
(4755,1.1400030821908966E-4)
(5155,1.1400030821908966E-4)
(8155,1.1400030821908966E-4)
(4055,1.1400030821908966E-4)
(6155,1.1400030821908966E-4)
(9755,1.1400030821908966E-4)
(6955,1.1400030821908966E-4)
(1855,1.1400030821908966E-4)
(2655,1.1400030821908966E-4)
(9355,1.1400030821908966E-4)
(1555,1.1400030821908966E-4)
(755,1.1400030821908966E-4)
(4355,1.1400030821908966E-4)
(3055,1.1400030821908966E-4)
(7355,1.1400030821908966E-4)
(8055,1.1400030821908966E-4)
(8955,1.1400030821908966E-4)
(1255,1.1400030821908966E-4)
(7755,1.1400030821908966E-4)
(8755,1.1400030821908966E-4)
(6255,1.1400030821908966E-4)
(355,1.1400030821908966E-4)
(4255,1.1400030821908966E-4)
(5455,1.1400030821908966E-4)
(2455,1.1400030821908966E-4)
(255,1.1400030821908966E-4)
(1755,1.1400030821908966E-4)
(2755,1.1400030821908966E-4)
(5355,1.1400030821908966E-4)
(9155,1.1400030821908966E-4)
(7955,1.1400030821908966E-4)
(9855,1.1400030821908966E-4)
(4655,1.1400030821908966E-4)
(855,1.1400030821908966E-4)
(6455,1.1400030821908966E-4)
(2955,1.1400030821908966E-4)
(455,1.1400030821908966E-4)
(7855,1.1400030821908966E-4)
(55,1.1400030821908966E-4)
(9255,1.1400030821908966E-4)
(9055,1.1400030821908966E-4)
(1455,1.1400030821908966E-4)
(6055,1.1400030821908966E-4)
(6655,1.1400030821908966E-4)
(655,1.1400030821908966E-4)
(5655,1.1400030821908966E-4)
(1955,1.1400030821908966E-4)
(4155,1.1400030821908966E-4)
(4955,1.1400030821908966E-4)
(3855,1.1400030821908966E-4)
(5855,1.1400030821908966E-4)
(3655,1.1400030821908966E-4)
(8255,1.1400030821908966E-4)
(5555,1.1400030821908966E-4)
(1655,1.1400030821908966E-4)
(6355,1.1400030821908966E-4)
(555,1.1400030821908966E-4)
(8455,1.1400030821908966E-4)
(1055,1.1400030821908966E-4)
(4855,1.1400030821908966E-4)
(6755,1.1400030821908966E-4)
(7255,1.1400030821908966E-4)
(2255,1.1400030821908966E-4)
(3955,1.1400030821908966E-4)
(2155,1.1400030821908966E-4)
(3555,1.1400030821908966E-4)
(8355,1.1400030821908966E-4)
(8555,1.1400030821908966E-4)
(7455,1.1400030821908966E-4)
(4455,1.1400030821908966E-4)
(3755,1.1400030821908966E-4)
(6855,1.1400030821908966E-4)
(2855,1.1400030821908966E-4)
(3355,1.1400030821908966E-4)
(5255,1.1400030821908966E-4)
(7155,1.1400030821908966E-4)
(6555,1.1400030821908966E-4)
(5955,1.1400030821908966E-4)
(9455,1.1400030821908966E-4)
(9655,1.1400030821908966E-4)
(4555,1.1400030821908966E-4)
(155,1.1400030821908966E-4)
(3455,1.1400030821908966E-4)
