(3889,1.589145482756209E-4)
(9289,1.589145482756209E-4)
(7089,1.589145482756209E-4)
(4189,1.589145482756209E-4)
(2189,1.589145482756209E-4)
(3589,1.589145482756209E-4)
(289,1.589145482756209E-4)
(2389,1.589145482756209E-4)
(8189,1.589145482756209E-4)
(6689,1.589145482756209E-4)
(2489,1.589145482756209E-4)
(3389,1.589145482756209E-4)
(2589,1.589145482756209E-4)
(7889,1.589145482756209E-4)
(89,1.589145482756209E-4)
(4389,1.589145482756209E-4)
(5089,1.589145482756209E-4)
(1389,1.589145482756209E-4)
(6289,1.589145482756209E-4)
(4989,1.589145482756209E-4)
(1989,1.589145482756209E-4)
(4489,1.589145482756209E-4)
(9189,1.589145482756209E-4)
(1889,1.589145482756209E-4)
(8489,1.589145482756209E-4)
(1589,1.589145482756209E-4)
(7389,1.589145482756209E-4)
(2989,1.589145482756209E-4)
(8289,1.589145482756209E-4)
(2789,1.589145482756209E-4)
(6089,1.589145482756209E-4)
(7689,1.589145482756209E-4)
(8589,1.589145482756209E-4)
(1789,1.589145482756209E-4)
(1189,1.589145482756209E-4)
(4089,1.589145482756209E-4)
(6989,1.589145482756209E-4)
(9489,1.589145482756209E-4)
(9589,1.589145482756209E-4)
(3789,1.589145482756209E-4)
(489,1.589145482756209E-4)
(8089,1.589145482756209E-4)
(9689,1.589145482756209E-4)
(7489,1.589145482756209E-4)
(6489,1.589145482756209E-4)
(6189,1.589145482756209E-4)
(8689,1.589145482756209E-4)
(7989,1.589145482756209E-4)
(5789,1.589145482756209E-4)
(8789,1.589145482756209E-4)
(789,1.589145482756209E-4)
(3189,1.589145482756209E-4)
(189,1.589145482756209E-4)
(1689,1.589145482756209E-4)
(3989,1.589145482756209E-4)
(5489,1.589145482756209E-4)
(7189,1.589145482756209E-4)
(9989,1.589145482756209E-4)
(1089,1.589145482756209E-4)
(6889,1.589145482756209E-4)
(2089,1.589145482756209E-4)
(8389,1.589145482756209E-4)
(3289,1.589145482756209E-4)
(3089,1.589145482756209E-4)
(4889,1.589145482756209E-4)
(6789,1.589145482756209E-4)
(2689,1.589145482756209E-4)
(5889,1.589145482756209E-4)
(8989,1.589145482756209E-4)
(689,1.589145482756209E-4)
(5589,1.589145482756209E-4)
(9889,1.589145482756209E-4)
(7289,1.589145482756209E-4)
(7789,1.589145482756209E-4)
(4289,1.589145482756209E-4)
(7589,1.589145482756209E-4)
(989,1.589145482756209E-4)
(1289,1.589145482756209E-4)
(5389,1.589145482756209E-4)
(5689,1.589145482756209E-4)
(3689,1.589145482756209E-4)
(589,1.589145482756209E-4)
(3489,1.589145482756209E-4)
(6389,1.589145482756209E-4)
(5989,1.589145482756209E-4)
(6589,1.589145482756209E-4)
(1489,1.589145482756209E-4)
(8889,1.589145482756209E-4)
(2289,1.589145482756209E-4)
(889,1.589145482756209E-4)
(4689,1.589145482756209E-4)
(4789,1.589145482756209E-4)
(9389,1.589145482756209E-4)
(2889,1.589145482756209E-4)
(389,1.589145482756209E-4)
(5189,1.589145482756209E-4)
(9789,1.589145482756209E-4)
(4589,1.589145482756209E-4)
(9089,1.589145482756209E-4)
(5289,1.589145482756209E-4)
