(6761,1.2306913209183366E-4)
(2961,1.2306913209183366E-4)
(7961,1.2306913209183366E-4)
(2161,1.2306913209183366E-4)
(8061,1.2306913209183366E-4)
(4661,1.2306913209183366E-4)
(5661,1.2306913209183366E-4)
(6461,1.2306913209183366E-4)
(4361,1.2306913209183366E-4)
(1661,1.2306913209183366E-4)
(8961,1.2306913209183366E-4)
(3961,1.2306913209183366E-4)
(9361,1.2306913209183366E-4)
(7661,1.2306913209183366E-4)
(5061,1.2306913209183366E-4)
(6661,1.2306913209183366E-4)
(861,1.2306913209183366E-4)
(6061,1.2306913209183366E-4)
(2261,1.2306913209183366E-4)
(7161,1.2306913209183366E-4)
(6361,1.2306913209183366E-4)
(8661,1.2306913209183366E-4)
(1461,1.2306913209183366E-4)
(2861,1.2306913209183366E-4)
(9461,1.2306913209183366E-4)
(1061,1.2306913209183366E-4)
(3661,1.2306913209183366E-4)
(8761,1.2306913209183366E-4)
(6961,1.2306913209183366E-4)
(5961,1.2306913209183366E-4)
(8561,1.2306913209183366E-4)
(7061,1.2306913209183366E-4)
(3061,1.2306913209183366E-4)
(261,1.2306913209183366E-4)
(4461,1.2306913209183366E-4)
(4161,1.2306913209183366E-4)
(7461,1.2306913209183366E-4)
(1261,1.2306913209183366E-4)
(8861,1.2306913209183366E-4)
(2361,1.2306913209183366E-4)
(5161,1.2306913209183366E-4)
(7261,1.2306913209183366E-4)
(5861,1.2306913209183366E-4)
(561,1.2306913209183366E-4)
(1361,1.2306913209183366E-4)
(4261,1.2306913209183366E-4)
(9761,1.2306913209183366E-4)
(5561,1.2306913209183366E-4)
(4061,1.2306913209183366E-4)
(6861,1.2306913209183366E-4)
(6261,1.2306913209183366E-4)
(4961,1.2306913209183366E-4)
(2061,1.2306913209183366E-4)
(9661,1.2306913209183366E-4)
(3161,1.2306913209183366E-4)
(661,1.2306913209183366E-4)
(1961,1.2306913209183366E-4)
(4561,1.2306913209183366E-4)
(7861,1.2306913209183366E-4)
(4761,1.2306913209183366E-4)
(2561,1.2306913209183366E-4)
(8461,1.2306913209183366E-4)
(161,1.2306913209183366E-4)
(761,1.2306913209183366E-4)
(2461,1.2306913209183366E-4)
(5361,1.2306913209183366E-4)
(3361,1.2306913209183366E-4)
(9061,1.2306913209183366E-4)
(3261,1.2306913209183366E-4)
(5261,1.2306913209183366E-4)
(5461,1.2306913209183366E-4)
(3461,1.2306913209183366E-4)
(3561,1.2306913209183366E-4)
(4861,1.2306913209183366E-4)
(9561,1.2306913209183366E-4)
(61,1.2306913209183366E-4)
(6161,1.2306913209183366E-4)
(8161,1.2306913209183366E-4)
(7561,1.2306913209183366E-4)
(9261,1.2306913209183366E-4)
(1161,1.2306913209183366E-4)
(9161,1.2306913209183366E-4)
(9861,1.2306913209183366E-4)
(1861,1.2306913209183366E-4)
(8361,1.2306913209183366E-4)
(9961,1.2306913209183366E-4)
(2661,1.2306913209183366E-4)
(3761,1.2306913209183366E-4)
(1761,1.2306913209183366E-4)
(7761,1.2306913209183366E-4)
(7361,1.2306913209183366E-4)
(361,1.2306913209183366E-4)
(5761,1.2306913209183366E-4)
(6561,1.2306913209183366E-4)
(961,1.2306913209183366E-4)
(461,1.2306913209183366E-4)
(8261,1.2306913209183366E-4)
(1561,1.2306913209183366E-4)
(3861,1.2306913209183366E-4)
(2761,1.2306913209183366E-4)
