(8236,8.143519599419728E-5)
(1736,8.143519599419728E-5)
(5436,8.143519599419728E-5)
(7036,8.143519599419728E-5)
(8436,8.143519599419728E-5)
(2436,8.143519599419728E-5)
(8136,8.143519599419728E-5)
(1036,8.143519599419728E-5)
(2636,8.143519599419728E-5)
(1436,8.143519599419728E-5)
(1336,8.143519599419728E-5)
(3936,8.143519599419728E-5)
(7936,8.143519599419728E-5)
(1936,8.143519599419728E-5)
(7136,8.143519599419728E-5)
(2736,8.143519599419728E-5)
(8336,8.143519599419728E-5)
(236,8.143519599419728E-5)
(8936,8.143519599419728E-5)
(3536,8.143519599419728E-5)
(3436,8.143519599419728E-5)
(3836,8.143519599419728E-5)
(8536,8.143519599419728E-5)
(4736,8.143519599419728E-5)
(5136,8.143519599419728E-5)
(9536,8.143519599419728E-5)
(9836,8.143519599419728E-5)
(6036,8.143519599419728E-5)
(9336,8.143519599419728E-5)
(3336,8.143519599419728E-5)
(6136,8.143519599419728E-5)
(8736,8.143519599419728E-5)
(2036,8.143519599419728E-5)
(3636,8.143519599419728E-5)
(136,8.143519599419728E-5)
(1836,8.143519599419728E-5)
(5036,8.143519599419728E-5)
(3036,8.143519599419728E-5)
(636,8.143519599419728E-5)
(4036,8.143519599419728E-5)
(6836,8.143519599419728E-5)
(9136,8.143519599419728E-5)
(936,8.143519599419728E-5)
(6636,8.143519599419728E-5)
(5536,8.143519599419728E-5)
(5736,8.143519599419728E-5)
(8036,8.143519599419728E-5)
(9636,8.143519599419728E-5)
(7436,8.143519599419728E-5)
(1636,8.143519599419728E-5)
(4936,8.143519599419728E-5)
(7336,8.143519599419728E-5)
(36,8.143519599419728E-5)
(1136,8.143519599419728E-5)
(4836,8.143519599419728E-5)
(336,8.143519599419728E-5)
(5236,8.143519599419728E-5)
(2236,8.143519599419728E-5)
(7236,8.143519599419728E-5)
(2536,8.143519599419728E-5)
(7836,8.143519599419728E-5)
(4136,8.143519599419728E-5)
(2836,8.143519599419728E-5)
(4536,8.143519599419728E-5)
(3736,8.143519599419728E-5)
(4336,8.143519599419728E-5)
(2136,8.143519599419728E-5)
(7536,8.143519599419728E-5)
(736,8.143519599419728E-5)
(5636,8.143519599419728E-5)
(3136,8.143519599419728E-5)
(9936,8.143519599419728E-5)
(4636,8.143519599419728E-5)
(6236,8.143519599419728E-5)
(836,8.143519599419728E-5)
(5336,8.143519599419728E-5)
(4436,8.143519599419728E-5)
(6336,8.143519599419728E-5)
(4236,8.143519599419728E-5)
(6436,8.143519599419728E-5)
(1236,8.143519599419728E-5)
(1536,8.143519599419728E-5)
(8636,8.143519599419728E-5)
(436,8.143519599419728E-5)
(6736,8.143519599419728E-5)
(5836,8.143519599419728E-5)
(7636,8.143519599419728E-5)
(2936,8.143519599419728E-5)
(6536,8.143519599419728E-5)
(3236,8.143519599419728E-5)
(9736,8.143519599419728E-5)
(2336,8.143519599419728E-5)
(8836,8.143519599419728E-5)
(6936,8.143519599419728E-5)
(9236,8.143519599419728E-5)
(9036,8.143519599419728E-5)
(9436,8.143519599419728E-5)
(536,8.143519599419728E-5)
(7736,8.143519599419728E-5)
(5936,8.143519599419728E-5)
