(3592,1.6219571237934455E-4)
(692,1.6219571237934455E-4)
(5792,1.6219571237934455E-4)
(892,1.6219571237934455E-4)
(2292,1.6219571237934455E-4)
(4392,1.6219571237934455E-4)
(6392,1.6219571237934455E-4)
(4692,1.6219571237934455E-4)
(6892,1.6219571237934455E-4)
(9692,1.6219571237934455E-4)
(3792,1.6219571237934455E-4)
(8792,1.6219571237934455E-4)
(4992,1.6219571237934455E-4)
(2892,1.6219571237934455E-4)
(4192,1.6219571237934455E-4)
(7292,1.6219571237934455E-4)
(3292,1.6219571237934455E-4)
(492,1.6219571237934455E-4)
(192,1.6219571237934455E-4)
(3192,1.6219571237934455E-4)
(5992,1.6219571237934455E-4)
(9892,1.6219571237934455E-4)
(992,1.6219571237934455E-4)
(1092,1.6219571237934455E-4)
(4292,1.6219571237934455E-4)
(6792,1.6219571237934455E-4)
(2092,1.6219571237934455E-4)
(6592,1.6219571237934455E-4)
(9292,1.6219571237934455E-4)
(8592,1.6219571237934455E-4)
(8692,1.6219571237934455E-4)
(1892,1.6219571237934455E-4)
(2992,1.6219571237934455E-4)
(5492,1.6219571237934455E-4)
(5392,1.6219571237934455E-4)
(3092,1.6219571237934455E-4)
(9792,1.6219571237934455E-4)
(2192,1.6219571237934455E-4)
(9592,1.6219571237934455E-4)
(1792,1.6219571237934455E-4)
(3692,1.6219571237934455E-4)
(2392,1.6219571237934455E-4)
(7092,1.6219571237934455E-4)
(5092,1.6219571237934455E-4)
(6292,1.6219571237934455E-4)
(5892,1.6219571237934455E-4)
(292,1.6219571237934455E-4)
(1592,1.6219571237934455E-4)
(4592,1.6219571237934455E-4)
(8892,1.6219571237934455E-4)
(4092,1.6219571237934455E-4)
(792,1.6219571237934455E-4)
(5692,1.6219571237934455E-4)
(92,1.6219571237934455E-4)
(3992,1.6219571237934455E-4)
(1492,1.6219571237934455E-4)
(6092,1.6219571237934455E-4)
(8992,1.6219571237934455E-4)
(9092,1.6219571237934455E-4)
(5292,1.6219571237934455E-4)
(9492,1.6219571237934455E-4)
(6992,1.6219571237934455E-4)
(3492,1.6219571237934455E-4)
(5192,1.6219571237934455E-4)
(7892,1.6219571237934455E-4)
(9992,1.6219571237934455E-4)
(592,1.6219571237934455E-4)
(7192,1.6219571237934455E-4)
(8492,1.6219571237934455E-4)
(3892,1.6219571237934455E-4)
(1192,1.6219571237934455E-4)
(2592,1.6219571237934455E-4)
(7992,1.6219571237934455E-4)
(1292,1.6219571237934455E-4)
(7392,1.6219571237934455E-4)
(6492,1.6219571237934455E-4)
(5592,1.6219571237934455E-4)
(8192,1.6219571237934455E-4)
(6692,1.6219571237934455E-4)
(2492,1.6219571237934455E-4)
(1992,1.6219571237934455E-4)
(1692,1.6219571237934455E-4)
(4892,1.6219571237934455E-4)
(8092,1.6219571237934455E-4)
(3392,1.6219571237934455E-4)
(4792,1.6219571237934455E-4)
(6192,1.6219571237934455E-4)
(9192,1.6219571237934455E-4)
(2792,1.6219571237934455E-4)
(7792,1.6219571237934455E-4)
(4492,1.6219571237934455E-4)
(392,1.6219571237934455E-4)
(7492,1.6219571237934455E-4)
(7692,1.6219571237934455E-4)
(2692,1.6219571237934455E-4)
(7592,1.6219571237934455E-4)
(9392,1.6219571237934455E-4)
(1392,1.6219571237934455E-4)
(8392,1.6219571237934455E-4)
(8292,1.6219571237934455E-4)
